#lon(degE) lat(degN)
-0.4379 -54.8518
-0.0388 -54.6772
0.4432 -54.4512
0.9645 -54.8322
1.6948 -54.3990
2.3598 -54.0374
3.0254 -53.6507
3.3689 -53.8341
3.9564 -54.1267
4.4146 -54.4303
4.8266 -54.1616
5.0837 -54.3093
5.4947 -54.5429
6.1837 -54.1145
6.6254 -53.8142
7.2373 -54.1012
7.7724 -54.3960
8.7982 -53.6666
9.4287 -53.2328
9.9941 -52.7932
10.5433 -53.0644
10.9755 -53.3317
11.7061 -52.7819
12.2983 -52.3754
12.8958 -51.9631
13.2045 -52.1397
13.7872 -52.4770
14.4627 -51.9975
15.1108 -52.3065
15.4263 -52.0829
15.8216 -51.7877
16.9059 -52.1691
17.8041 -52.4674
18.5373 -52.7344
18.7104 -52.5537
19.9918 -52.8166
21.2520 -52.9102
22.5043 -53.0496
23.0740 -53.0972
23.0213 -53.2001
23.8851 -53.3101
24.6841 -53.4224
25.2297 -53.4688
25.9899 -52.3778
27.8250 -52.9352
29.1417 -50.8694
29.5220 -50.9690
30.7676 -49.0410
31.2028 -49.1695
31.8850 -48.2118
32.6666 -46.9380
33.4945 -47.1402
34.0603 -45.9996
34.8913 -46.1864
35.5658 -44.7164
36.5142 -44.9398
36.5965 -44.7902
38.1937 -44.4010
38.3383 -44.0547
39.0729 -44.1648
39.4588 -43.2862
41.5578 -43.5794
41.8120 -42.6553
42.4686 -42.7299
42.8729 -40.8505
44.0092 -40.9150
44.0230 -40.6708
44.6858 -40.6911
44.7160 -40.3689
45.3027 -40.3659
45.3318 -40.1085
46.0744 -40.1190
46.2444 -38.8699
48.0234 -38.6507
48.0171 -38.4780
48.6326 -38.0142
49.0344 -37.9999
49.0366 -37.7917
49.9451 -37.7902
49.9622 -37.5968
50.8233 -37.5799
50.8270 -37.4507
52.2827 -37.4322
52.3380 -36.1624
53.4665 -36.1409
53.4706 -35.5167
54.2161 -35.3024
54.2551 -34.5416
55.2747 -34.5605
55.3010 -34.2872
55.6987 -34.2350
55.7379 -33.6528
56.4006 -33.6268
57.0607 -33.5542
57.0912 -32.8350
57.1530 -31.7706
57.8000 -31.7220
58.4563 -31.6910
58.5299 -31.0553
59.1667 -31.0497
59.1880 -30.5671
60.0054 -30.5607
60.7628 -30.5315
60.7473 -30.0145
60.7624 -29.9990
60.8102 -28.9313
61.5322 -28.9199
61.5176 -28.7772
62.1619 -28.8114
62.1351 -28.4896
62.7462 -28.4585
62.7030 -28.1525
63.2112 -28.1640
63.1942 -28.0214
63.6211 -28.0388
63.6037 -27.8313
64.4669 -27.8175
65.3321 -27.8122
65.3475 -27.5141
66.3590 -27.5145
66.3730 -27.2811
67.1290 -27.2692
67.1555 -26.8674
67.4240 -26.8699
67.4333 -26.5715
67.9622 -26.5830
67.9791 -26.2906
68.6219 -26.2625
68.5979 -26.1206
68.8197 -26.1410
68.8294 -26.0089
69.1500 -25.9933
69.1379 -25.7843
69.4603 -25.7822
69.4900 -25.6762
69.9595 -25.6512
nan nan
58.2392 12.7455
57.8675 13.0023
57.6392 13.1377
57.7327 13.3090
57.8096 13.4509
57.6891 13.5225
57.4775 13.6430
57.3015 13.7400
57.2990 13.7718
57.1397 13.8476
56.9688 13.9372
57.0372 14.0681
56.9031 14.1407
56.7616 14.2076
56.8188 14.3021
56.5989 14.4222
56.4100 14.5322
56.2079 14.6433
56.1791 14.6213
56.0574 14.6411
55.8218 14.6923
55.6685 14.7216
55.6312 14.6814
55.4800 14.7292
55.2778 14.7885
55.1084 14.8505
55.0473 14.7116
54.9576 14.7272
54.7308 14.8010
54.5489 14.8698
54.5110 14.7601
54.4505 14.6210
54.3873 14.6399
54.3319 14.6707
54.2874 14.6814
54.2493 14.6914
54.1926 14.7096
54.1494 14.7328
54.0687 14.7722
54.0177 14.6573
53.9287 14.4894
53.8625 14.3509
53.8180 14.3615
53.5790 14.4408
53.3584 14.5118
53.2202 14.5623
53.2113 14.5379
53.1222 14.5586
52.9071 14.6221
52.7370 14.6813
52.6672 14.5615
52.5469 14.5972
52.2992 14.6625
52.1389 14.6887
51.9400 14.3530
51.7625 14.0283
51.5698 13.6673
51.4487 13.4576
51.3429 13.2718
51.2532 13.1223
51.0790 13.1923
50.8416 13.2794
50.6615 13.3618
50.5730 13.2181
50.4294 13.2725
50.3102 13.3125
50.2524 13.2290
50.1673 13.1225
50.0614 13.1675
49.8491 13.2512
49.6800 13.3128
49.5926 13.1686
49.4721 13.0078
49.4296 13.0419
49.3490 12.8973
49.2784 12.8019
49.0705 12.8528
48.8820 12.9084
48.8025 12.7698
48.6992 12.6576
48.5671 12.6906
48.4479 12.7289
48.3487 12.5726
48.2675 12.6023
48.1420 12.6407
48.0479 12.6710
47.9914 12.5807
47.9014 12.4611
47.7883 12.4923
47.6494 12.5185
47.5875 12.4409
47.5389 12.3687
47.3190 12.4301
47.1613 12.4630
47.1303 12.3587
47.0489 12.3877
46.9923 12.4030
46.9297 12.3002
46.8487 12.2108
46.7168 12.2482
46.5789 12.2921
46.5108 12.2019
46.4290 12.0875
46.3107 12.1425
46.1976 12.1724
46.1503 12.1123
46.1097 12.0581
45.8509 12.1002
45.6496 12.1519
45.6372 12.1586
45.6018 12.0730
45.5218 11.9829
45.4280 12.0176
45.3277 12.0525
45.2811 11.9983
45.0969 11.9989
44.9132 12.0116
44.8817 12.0189
44.7802 12.0224
44.5131 12.0126
44.0493 12.0080
43.6495 12.0127
43.3488 12.6917
43.1256 13.1536
42.6452 13.6833
42.3930 13.9584
42.2716 14.3981
42.2132 14.7747
41.9834 15.3004
41.7504 15.7219
41.2112 16.2091
40.6237 16.5902
40.0549 17.1792
39.8343 17.8516
39.5895 18.4192
39.2979 19.0289
38.8261 19.4475
38.3957 19.9075
38.0745 20.3891
37.9747 21.0213
37.8253 21.8434
37.5398 22.4945
37.0425 23.2259
36.5711 23.6392
36.2422 24.6260
35.8888 25.4844
35.1999 26.3530
34.5470 27.2619
34.2569 27.8853
34.8603 29.4667
34.9888 30.4599
35.2751 31.2458
35.4092 32.8627
35.4964 33.8255
35.6704 34.5381
35.7040 34.9265
nan nan
68.2738 -6.8109
67.8113 -7.2525
68.0731 -7.6477
67.6424 -8.0271
68.0390 -8.4919
67.0896 -9.2703
67.3780 -9.6300
66.4600 -10.3502
66.7874 -10.7620
66.1674 -11.2100
66.4182 -11.5590
65.6978 -12.0185
66.3692 -12.8327
65.8205 -13.2681
66.2097 -13.7773
65.9278 -13.9791
66.4883 -14.6980
66.8882 -15.2696
67.2902 -15.8215
67.3827 -15.9419
67.0330 -16.1389
67.4105 -16.6587
66.7081 -17.0901
66.1428 -17.4501
65.5424 -17.7830
65.0073 -18.0579
65.5217 -18.8281
66.0333 -19.5775
66.4280 -20.0783
66.7513 -19.8703
67.0404 -20.2181
67.3095 -20.0725
67.5930 -20.3689
67.7679 -20.2800
67.8967 -20.4690
68.2125 -20.2907
68.5592 -20.7119
68.2768 -20.8777
68.6529 -21.4495
69.2017 -22.0877
68.7967 -22.3870
69.1621 -22.8305
69.5577 -23.3731
69.8497 -23.7087
69.4016 -24.0396
69.6804 -24.3686
69.9393 -24.6785
69.5921 -24.9701
70.0896 -25.4825
69.9595 -25.6512
nan nan
-29.7698 39.3996
-29.3350 39.3150
-29.2971 39.2554
-29.2603 39.2502
-29.1881 39.2786
-29.1472 39.2937
-29.0904 39.3232
-29.0495 39.3382
-28.9819 39.3656
-28.9505 39.3789
-28.8946 39.4120
-28.8529 39.3725
-28.7812 39.2993
-28.7454 39.2626
-28.6863 39.2144
-28.6660 39.1790
-28.6192 39.1208
-28.5665 39.1299
-28.4836 39.1558
-28.4522 39.1339
-28.4204 39.0927
-28.3955 39.0580
-28.3649 39.0204
-28.3421 38.9931
-28.2919 38.9394
-28.2155 38.9524
-28.1199 38.9685
-28.0588 38.9827
-27.9546 39.0041
-27.7933 38.9998
-27.7223 38.9416
-27.6797 38.9136
-27.6061 38.8635
-27.5588 38.8363
-27.4844 38.7824
-27.2394 38.7796
-27.2033 38.6999
-27.1743 38.6658
-27.1290 38.6070
-27.0895 38.5706
-27.0289 38.4911
-27.0068 38.4635
-26.9408 38.4003
-26.9006 38.3601
-26.8299 38.2782
-26.7180 38.4202
-26.6474 38.3576
-26.6141 38.3240
-26.5323 38.2554
-26.4943 38.2225
-26.4166 38.1493
-26.3787 38.1164
-26.3021 38.0468
-26.1714 38.0360
-26.0752 37.9655
-26.0432 37.9355
-25.9162 37.8386
-25.8081 37.8783
-25.7341 37.8159
-25.6984 37.7902
-25.6332 37.7225
-25.5384 37.8181
-25.4638 37.7517
-25.4265 37.7185
-25.3547 37.6633
-25.2671 37.7692
-25.1013 37.6463
-24.9835 37.6441
-24.9315 37.6091
-24.8915 37.5839
-24.8451 37.5519
-24.8164 37.5328
-24.7748 37.5001
-24.7332 37.4673
-24.6669 37.4110
-24.7022 37.3519
-24.7379 37.2733
-24.7495 37.2174
-24.6805 37.1267
-24.6345 37.0946
-24.5541 37.0172
-24.5002 36.9707
-24.4337 36.9105
-24.3846 36.8633
-24.3111 36.7925
-24.2554 36.7810
-24.1461 36.7885
-24.0456 36.7548
-23.5697 36.6459
-22.2160 36.7543
-20.7973 36.8809
-19.6823 37.0251
-18.6180 37.3070
-18.1244 37.4657
-17.5843 37.5034
-16.7420 37.4354
-15.8415 37.2966
-15.3865 37.2117
-15.1427 37.0206
-13.6754 37.3950
-12.1424 36.3276
-11.5854 35.8512
-10.9233 36.0984
-10.4287 36.3916
-9.9769 36.6514
-9.5452 36.4296
-8.0312 35.6675
-7.1926 35.2729
-6.7303 35.0633
-6.0637 34.7839
-6.0397 34.5174
-6.0002 34.2634
-5.8080 34.0191
-5.3966 33.9850
-5.0723 34.0783
-4.7056 34.0681
-4.0564 34.1993
-3.7819 35.0136
-3.7494 35.5962
-3.2959 35.8577
-2.8933 36.0184
-2.5729 36.1053
-1.9917 35.8985
-1.5162 35.7709
-0.7478 35.7757
0.0030 35.9040
0.6670 36.0723
1.2447 36.2823
1.9702 36.5026
2.3799 36.5942
3.4536 36.8509
5.1420 37.0821
6.8071 37.2201
8.5025 36.6907
9.9873 35.8993
12.0690 34.6730
13.7801 33.7762
14.7585 33.2635
nan nan
14.7585 33.2635
16.4597 34.9161
15.7188 36.0532
15.8165 36.8765
16.5653 37.5113
17.2612 37.6991
17.7220 38.2430
18.0303 38.6481
18.2058 39.0090
19.0971 38.6072
19.8566 38.0575
20.4917 37.3933
21.4442 36.5988
22.3389 35.8045
23.6015 35.0857
24.4663 34.6679
25.2360 34.4611
26.2287 34.3272
27.2219 34.4159
28.1314 35.0167
29.1035 35.6311
29.5944 36.0357
30.5129 36.1568
31.4471 35.5287
32.8726 34.2713
33.6542 34.3719
34.2401 34.6651
34.7607 34.8075
35.7040 34.9265
nan nan
58.2392 12.7455
56.9192 9.9708
56.9775 9.8572
57.0289 9.8575
57.2606 9.6814
57.4906 9.9416
58.0630 9.5324
58.0184 9.4501
58.2625 9.2926
58.1476 9.0898
58.4302 8.8626
58.2514 8.6469
58.6106 8.4008
58.9183 8.1669
58.8800 8.0972
59.3092 7.7683
59.2197 7.6731
60.1789 6.9508
60.0383 6.7669
60.6701 6.3098
61.1417 5.9095
61.6573 5.4897
61.5293 5.2616
61.9997 4.9113
62.4568 4.5227
63.0023 4.1081
62.8678 3.8929
63.3307 3.6307
63.3882 3.7001
63.8192 3.4821
63.8898 3.6022
64.6181 3.2170
64.6822 3.2990
65.2128 2.9208
65.4890 3.2991
65.9626 2.9715
66.3795 2.7520
66.1794 2.3925
65.9923 2.0520
66.3328 1.8587
66.6728 1.6209
66.4925 1.3314
66.8698 1.0679
66.6573 0.7220
67.1594 0.3371
66.8392 -0.0388
67.2089 -0.3398
67.0231 -0.5779
67.6620 -1.0396
67.3671 -1.4400
67.9291 -1.9130
67.7884 -2.0877
68.2490 -2.5402
67.8921 -2.8880
68.2702 -3.3513
68.6672 -3.7707
68.3485 -4.1176
68.7510 -4.5488
68.1985 -5.0419
68.6069 -5.4719
68.2191 -5.8910
67.7823 -6.2593
68.2738 -6.8109
nan nan
-46.7658 15.4506
-46.5287 16.5868
-46.5887 16.6067
-46.4072 17.5663
-46.5202 17.5883
-46.3907 18.4220
-46.3182 18.4215
-46.2243 18.9351
-46.1844 18.9319
-46.0015 19.8227
-45.9398 19.8022
-45.7737 20.6180
-45.5570 20.5958
-45.4187 21.2217
-45.5152 21.2465
-45.3853 21.8223
-45.2483 21.8064
-45.0658 22.9731
-45.0239 22.9632
-44.9245 23.6459
-46.4758 23.9174
-46.1961 24.5974
-46.1188 24.5904
-45.7915 25.2542
-45.4988 25.1918
-45.0917 26.0814
-44.8989 26.0554
-44.8163 26.2700
-44.8666 26.2796
-44.5059 27.2538
-44.3831 27.2355
-44.0217 28.1069
-43.9423 28.1049
-43.5632 28.8108
-43.4828 28.8021
-43.0882 29.4691
-43.0373 29.4714
-42.7286 30.0697
-42.1364 29.9733
-41.4304 31.2370
-41.1836 31.1941
-40.7100 31.8173
-40.5526 31.8025
-39.6999 33.0841
-39.5860 33.0673
-39.3993 33.7676
-37.7975 33.5012
-37.6776 33.7362
-37.5328 33.7052
-37.3364 34.1362
-37.2446 34.1238
-37.0461 34.5669
-36.8618 34.5542
-36.7846 34.7122
-36.6231 34.6929
-36.3731 35.2798
-34.7464 35.0102
-34.4595 35.6246
-34.3354 35.6160
-34.1424 36.0794
-34.0568 36.0713
-33.9816 36.2212
-33.7717 36.1850
-33.5947 36.7422
-33.3135 36.6910
-33.2246 36.9408
-33.0049 36.9159
-32.9431 37.0654
-32.7077 37.0333
-32.6456 37.1763
-32.3946 37.1369
-32.2826 37.3915
-31.5164 37.2823
-31.3713 37.7049
-31.0706 37.6802
-30.6055 38.4025
-30.4301 38.3883
-29.9091 39.3871
-29.7698 39.3996
nan nan
-46.7658 15.4506
-45.1300 15.2673
-45.1423 14.0261
-45.0614 13.9917
-45.0373 12.6799
-44.2620 12.6256
-44.2775 12.1008
-43.8845 12.0854
-43.9206 10.9270
-41.0871 10.7869
-41.0829 9.9794
-40.8615 9.9727
-40.8648 9.3894
-40.6402 9.3728
-40.6522 8.8406
-40.1196 8.8153
-40.1408 8.2154
-38.2210 8.1395
-38.2065 7.7033
-36.8648 7.6543
-36.8514 7.4009
-36.0577 7.3634
-36.0469 7.0232
-35.3665 6.9349
-35.3629 6.6139
-33.6244 6.6176
-33.6203 6.1042
-33.5136 6.0762
-33.5068 5.6495
-32.9780 5.6472
-32.8617 3.9604
-30.9625 4.0608
-30.7358 1.6427
-30.0269 1.6071
-29.9203 0.7974
-29.2096 0.8489
-28.3465 0.9530
-27.3153 1.0618
-26.4740 1.1592
-26.2887 0.4981
-25.0294 0.6141
-24.6117 -1.1033
-23.4897 -0.9643
-22.3813 -0.7964
-21.5437 -0.6802
-20.4899 -0.4967
-19.6747 -0.3334
-18.8497 -0.1761
-17.8889 0.0306
-16.7569 0.2686
-16.4982 0.2989
-16.2522 -0.5562
-16.0372 -0.5196
-15.8406 -1.1432
-15.5652 -1.0732
-15.4103 -1.4934
-13.1580 -0.9153
-12.7014 -2.0991
-12.1641 -1.9454
-11.8336 -2.8550
-12.0293 -3.0135
-11.7655 -3.9720
-12.0968 -4.1030
-12.0386 -4.5874
-12.1445 -4.6088
-12.0185 -5.0256
-11.6044 -4.9423
-11.5161 -5.4150
-11.1669 -5.3771
-11.0222 -5.9302
-11.2671 -6.0202
-11.1805 -6.7554
-13.6210 -7.3674
-13.3574 -8.4107
-13.1911 -8.3740
-13.0230 -9.2252
-13.2482 -9.2765
-13.1663 -9.7944
-13.3151 -9.8247
-13.0313 -11.4215
-15.0058 -11.8853
-14.9077 -12.3390
-14.8611 -12.3196
-14.7910 -12.6562
-14.5501 -12.5770
-14.4102 -13.2181
-14.5996 -13.2655
-14.4784 -14.2077
-13.6428 -14.0355
-13.2261 -15.6632
-13.3835 -15.6882
-13.2386 -16.2117
-14.3024 -16.4327
-14.2381 -16.7645
-14.3688 -16.7770
-14.0786 -17.9946
-12.9598 -17.7898
-12.7593 -18.7845
-12.4772 -18.7465
-12.2626 -19.9353
-11.9446 -19.8248
-11.8522 -20.2784
-11.9708 -20.2991
-11.7632 -21.1759
-12.0066 -21.2091
-11.8495 -21.7351
-11.9359 -21.7522
-11.8192 -22.1534
-12.9102 -22.3790
-12.8511 -22.6298
-13.8293 -22.8292
-13.6637 -23.5442
-13.5703 -23.5143
-13.2801 -24.7771
-13.8106 -24.8874
-13.6632 -25.6480
-14.0485 -25.7376
-13.8156 -26.5856
-13.6896 -26.5644
-13.2716 -28.3210
-12.7456 -28.2133
-12.5326 -28.9409
-13.9916 -29.2504
-13.8196 -29.8512
-13.7155 -29.8290
-13.3663 -31.1558
-13.4982 -31.1785
-13.2459 -32.1441
-14.5241 -32.4001
-14.3699 -33.3965
-14.7068 -33.4671
-14.5155 -34.0433
-15.2731 -34.2367
-15.0992 -35.1813
-17.8979 -35.6466
-17.2446 -38.4998
-16.8300 -38.4277
-16.4972 -39.5061
-16.5385 -39.5098
-16.4408 -39.7886
-16.6012 -39.8130
-16.4891 -40.2101
-16.9076 -40.2700
-16.3296 -43.3870
-16.2445 -43.6835
-15.5939 -45.4756
-14.8940 -45.3714
-14.7155 -45.8985
-13.8100 -45.7972
-13.3251 -47.5778
-10.4834 -47.1256
-9.7099 -49.2160
-8.1391 -48.9610
-8.0221 -49.2826
-7.9609 -49.2702
-7.6377 -50.0587
-7.4328 -50.0013
-7.1585 -50.6096
-5.1694 -50.2161
-4.2377 -52.0486
-3.9556 -51.9788
-2.3723 -54.3274
-1.3822 -54.0533
-0.4379 -54.8518
nan nan
69.9595 -25.6512
70.4086 -26.0604
70.6654 -25.9124
70.9943 -26.1873
71.1354 -26.0831
71.5800 -26.4544
71.7166 -26.3857
72.0656 -26.6560
72.0084 -26.7182
72.9202 -27.5728
73.1227 -27.4458
73.3995 -27.6550
73.5342 -27.5698
74.4058 -28.3173
74.1922 -28.5413
74.9940 -29.2645
74.9376 -29.3284
75.5539 -29.8394
75.3641 -30.0058
75.5149 -30.1176
75.3926 -30.2401
76.2045 -30.9057
76.1481 -30.9704
76.6894 -31.4649
76.3948 -31.7191
78.0858 -33.1942
77.3518 -33.8383
78.4879 -34.8067
78.4423 -34.8423
78.8035 -35.1612
78.2011 -35.6831
79.1839 -36.5109
78.0213 -37.4829
78.7061 -38.0006
78.1815 -38.3932
78.5293 -38.6592
78.0731 -39.0049
78.3839 -39.2620
78.0024 -39.5385
78.4254 -39.9049
77.8245 -40.3260
78.4837 -40.8664
78.6586 -40.8722
79.9900 -41.8919
80.9315 -41.1299
83.4390 -42.8896
85.8592 -40.8341
88.0599 -41.9974
88.4884 -41.6859
95.0405 -44.6195
94.9257 -44.8053
96.6975 -45.4707
95.8420 -46.5203
99.6243 -47.9781
100.2020 -47.2665
106.5540 -49.1009
106.6920 -48.8414
108.2850 -49.1823
108.2400 -49.2587
111.6080 -50.0234
114.2200 -50.5511
114.5820 -49.8067
116.4230 -50.1316
116.7450 -49.1555
118.6390 -49.5317
118.5490 -49.8012
120.1890 -50.0711
120.6720 -48.9043
121.7570 -49.0532
121.3860 -49.5162
121.4740 -49.5808
121.8870 -49.6985
122.3040 -49.7945
122.5540 -49.8127
122.7960 -49.7285
122.9280 -49.6307
122.9850 -49.4799
123.2040 -49.4755
123.3760 -49.4899
123.4480 -49.3190
123.5210 -49.1176
123.7690 -49.1230
123.9050 -48.8618
124.2140 -48.8471
124.5990 -48.8631
124.5320 -49.0144
124.8240 -49.0993
124.9930 -49.1518
124.8460 -49.4243
125.3140 -49.4792
125.8440 -49.5425
125.8920 -49.4411
126.1260 -49.4920
126.2650 -49.0454
126.4320 -48.6291
126.8630 -48.6980
126.8630 -48.6574
127.3110 -48.7650
127.5740 -48.8227
127.4480 -49.2708
127.2850 -49.6076
127.1670 -49.9437
127.0930 -50.1678
127.8070 -50.1898
127.5960 -50.0201
128.2620 -50.0806
128.7740 -50.1713
129.1070 -50.1732
129.7290 -50.2162
130.5640 -50.3089
131.2040 -50.3331
130.9250 -50.1010
131.4970 -50.1060
132.1990 -50.1319
132.7080 -50.1343
132.6930 -50.0332
133.4090 -50.0407
134.5580 -50.0636
136.1720 -50.0862
137.6390 -50.1323
139.0980 -50.1815
139.5990 -50.1853
139.7820 -51.9707
140.4250 -51.9878
140.7450 -54.2547
143.7560 -54.1536
143.9200 -54.7971
146.8830 -54.6959
147.9020 -57.5662
148.0760 -57.5271
148.8060 -57.4358
149.1500 -58.1044
149.6520 -58.9988
150.0060 -59.5704
150.7330 -59.4753
151.2900 -60.4126
153.6390 -59.9299
156.4570 -62.9143
160.8650 -61.5586
161.2280 -61.4567
nan nan
-76.0062 -45.6585
-76.6746 -45.6427
-77.6607 -45.7605
-77.7640 -45.5885
-77.9902 -45.0916
-78.2065 -44.4111
-78.8933 -44.5449
-80.2811 -44.7819
-81.9346 -44.9641
-82.1377 -44.4040
-82.3507 -43.6390
-82.5089 -42.8607
-83.4475 -42.9815
-83.4538 -42.8730
-83.6037 -42.2225
-83.8269 -41.1247
-85.1484 -41.2533
-87.3364 -41.5213
-87.4171 -41.2729
-88.4467 -41.3187
-90.0540 -41.4319
-90.0876 -41.0585
-91.3910 -41.1025
-91.4756 -40.7319
-91.5483 -39.8329
-91.6579 -38.8656
-93.0225 -38.9673
-93.0748 -38.4294
-93.9963 -38.4823
-94.0931 -37.7170
-94.1298 -37.0006
-95.6889 -36.9646
-97.4131 -36.8710
-97.4017 -36.2936
-98.4167 -36.1928
-100.6450 -36.0632
-103.2020 -35.7781
-104.7930 -35.6055
-105.9880 -35.4388
-107.3430 -35.3445
-108.7970 -35.1319
-110.0270 -35.0202
-110.8570 -34.9317
nan nan
161.2280 -61.4567
161.9750 -61.7630
163.2020 -62.6599
163.7730 -62.4746
164.2750 -62.3219
164.7680 -62.1772
165.1030 -62.0772
165.6530 -62.4727
165.9690 -62.6676
166.6200 -63.0869
166.8580 -63.2206
167.5500 -62.9712
168.2770 -62.7732
168.7080 -62.6321
169.2380 -62.4461
169.6050 -62.6762
170.0680 -62.9724
170.4410 -63.1488
171.0090 -63.4473
171.6400 -63.8072
172.1640 -64.0974
172.5200 -64.2561
173.6310 -64.7379
174.2420 -64.5079
174.8140 -64.3149
175.1620 -64.1741
175.5820 -63.9840
176.0630 -64.1878
176.5490 -64.4101
176.8190 -64.5060
177.3380 -64.7362
177.8890 -64.9749
178.2400 -65.0791
178.7590 -65.2740
179.3810 -65.4773
179.9630 -65.7385
nan nan
-179.1970 -65.9859
-178.7930 -66.1632
-177.9260 -65.8623
-177.0720 -65.6069
-175.7290 -65.1825
-175.0700 -65.5050
-174.4180 -65.8352
-173.7090 -65.5061
-172.5170 -64.9783
-171.3000 -64.3564
-170.0430 -64.8585
-169.8390 -64.7637
-169.1090 -64.2448
-168.3790 -63.7303
-167.5130 -63.1060
-166.6080 -62.4900
-166.1990 -62.6056
-165.1490 -63.0070
-163.9210 -63.4667
-163.0010 -62.9675
-162.0610 -62.3936
-161.3380 -62.6144
-160.4300 -62.9233
-159.8880 -62.5954
-158.7030 -63.0044
-158.3940 -62.7885
-157.6010 -63.0700
-156.7170 -63.3240
-156.0220 -62.9525
-155.2540 -62.4327
-154.3240 -61.7762
-154.1810 -61.8361
-153.6610 -61.3992
-152.9430 -60.8407
-151.3290 -59.4694
-150.3820 -59.7176
-149.8090 -59.3141
-149.2640 -58.8221
-148.2760 -58.1300
-147.6920 -57.5547
-147.1670 -57.6379
-146.6810 -57.3076
-145.9790 -56.6686
-144.8570 -55.7842
-144.4820 -55.9103
-143.3240 -56.2625
-142.0860 -56.6193
-140.3250 -57.0528
-140.0410 -56.7722
-139.5450 -56.2678
-139.1910 -55.7249
-139.5780 -55.6146
-139.2530 -55.2509
-138.7990 -54.7123
-137.8900 -53.5679
-137.5220 -53.6878
-136.5900 -53.9067
-136.1800 -53.3957
-135.3070 -53.6430
-134.2050 -53.8871
-132.8700 -54.2371
-131.3750 -54.6229
-130.0590 -54.9314
-128.6240 -55.3215
-127.2310 -55.5654
-126.8000 -55.0641
-126.1970 -55.1382
-125.0770 -55.4541
-123.4420 -55.7150
-121.8620 -56.0262
-121.6350 -55.8321
-121.2280 -55.2189
-120.6630 -54.4098
-119.6850 -54.6416
-118.5810 -54.8185
-118.3130 -54.3503
-118.0370 -53.6908
-117.6610 -53.1241
-118.9770 -52.8974
-118.8750 -52.7524
-118.4220 -52.2120
-117.8240 -51.3309
-117.2250 -50.4178
-116.3880 -49.3675
-115.2330 -49.5892
-113.8750 -49.8489
-113.7450 -49.3574
-113.3150 -48.3242
-112.9500 -47.2221
-112.4260 -45.8544
-112.6750 -45.8327
-112.5500 -45.4942
-112.2160 -44.3811
-111.7300 -43.1659
-111.3490 -42.2004
-110.9540 -42.2487
-110.8320 -41.3555
-110.6770 -40.1638
-110.3910 -38.9858
-111.2700 -38.9785
-111.2680 -38.8776
-110.8690 -37.6741
-110.4710 -36.4102
-110.7390 -36.3578
-110.7150 -36.2186
-110.5790 -35.8301
-110.8950 -35.7967
-110.8770 -35.3191
-110.8570 -34.9317
nan nan
-0.4379 -54.8518
-1.0390 -55.0190
-1.6059 -55.1293
-1.6137 -55.6529
-2.0800 -55.6568
-2.8963 -55.7072
-3.7202 -55.7399
-4.0560 -55.7694
-4.6906 -55.8072
-4.6755 -56.2102
-4.6934 -56.5916
-5.4483 -56.6270
-6.0568 -56.6721
-6.0943 -56.9823
-6.1303 -57.2402
-6.5381 -57.2700
-6.9992 -57.3176
-7.0128 -57.6172
-7.0090 -57.8694
-7.5248 -57.9204
-8.6068 -57.9888
-9.8853 -58.0915
-11.1897 -58.1577
-12.6489 -58.2406
-13.9543 -58.3173
-15.0689 -58.3904
-15.9715 -58.4388
-16.0047 -58.4593
-16.2258 -58.7672
-16.4100 -59.0984
-16.9169 -59.0982
-17.6670 -59.1289
-18.0600 -59.1526
-18.1233 -59.5093
-18.4325 -59.5423
-18.5472 -59.9376
-18.6464 -60.2500
-19.3705 -60.2891
-19.5812 -60.8108
-21.7186 -60.7441
-24.1069 -60.6917
-26.0709 -60.3910
nan nan
-26.0709 -60.3910
-25.0688 -59.9757
-24.4524 -59.3878
-23.9866 -58.9214
-23.8204 -58.1952
-24.1300 -57.4286
-24.2304 -57.1728
-25.1449 -56.2939
-26.4127 -55.4256
-27.5674 -54.8979
nan nan
-27.5674 -54.8979
-28.2762 -54.8293
-29.8949 -54.8894
-31.7669 -54.8110
-33.5576 -54.6467
-34.3849 -54.2711
-35.4715 -53.7283
-36.2931 -53.2712
-37.7602 -53.2703
-39.5635 -53.3956
-40.2822 -53.2811
-40.9030 -53.0793
-41.7079 -52.4771
-43.4004 -52.6924
-44.4771 -52.8458
-46.3712 -52.8474
-48.0179 -53.0479
-49.9324 -53.7471
-51.9753 -54.1185
-53.5118 -54.6080
-55.8412 -54.8172
-57.3688 -55.2448
-58.1537 -55.1399
-59.9159 -55.3607
-61.4250 -54.9954
-62.7036 -55.1280
-64.3396 -55.4678
-65.6163 -55.9899
-66.5732 -56.5876
-67.2812 -57.1844
nan nan
-67.2812 -57.1844
-68.2775 -56.9331
-69.8181 -56.5923
-71.0621 -56.2506
-73.0708 -55.5195
-74.4942 -54.8050
-75.8879 -53.8418
-76.1836 -53.1113
-76.4823 -52.2024
-76.6257 -51.3775
-76.7565 -50.7289
-76.9898 -49.8446
-77.0240 -49.1923
-76.9255 -48.5065
-76.6497 -47.8746
-75.9972 -47.0799
-75.9581 -46.4220
-76.0062 -45.6585
nan nan
65.0282 24.3824
64.1615 24.3498
63.3656 24.2854
62.5806 24.2830
61.9554 24.0869
61.3646 24.1220
60.3741 24.2315
59.6026 24.3113
58.7157 24.3633
57.8316 24.4427
57.3454 24.7884
57.1214 25.5518
56.9921 26.5452
56.8753 27.3007
56.4233 27.3685
55.6618 26.9471
54.7283 26.6679
53.8601 26.7173
53.2406 27.1213
52.5038 27.5611
51.9120 27.9573
51.2830 28.4873
50.9981 29.0719
51.0573 29.5780
50.4526 30.1031
49.4919 30.8016
49.0360 31.6214
48.4892 32.2374
48.1702 32.3082
47.7702 32.3111
47.4107 32.4479
46.6076 32.8874
45.9177 33.3905
45.5052 33.8933
44.8755 34.7625
44.2301 35.7624
43.5008 36.3857
42.5936 36.9994
41.4411 37.2616
40.5053 37.3565
39.4160 37.2356
38.6156 36.7532
37.7741 35.9254
36.8143 35.5551
35.7040 34.9265
nan nan
58.2392 12.7455
58.4374 13.6449
58.7457 14.2549
59.1069 15.1945
59.4722 16.0326
59.6554 16.7942
59.9202 17.4797
60.2138 18.2410
60.4557 18.7989
60.9707 19.8120
61.4902 20.6457
61.8475 21.1244
62.0957 21.4260
62.1311 22.0841
62.8788 22.6822
63.6302 23.2011
64.2753 23.6938
65.0282 24.3824
nan nan
92.2781 6.9476
92.4681 6.4867
92.5823 6.1399
92.6712 5.8306
92.8044 5.4518
92.9377 5.0790
92.8996 4.7060
92.9208 4.2632
93.1323 3.7990
93.4284 3.3979
93.7668 3.0389
93.9783 2.8489
94.2744 2.6587
94.5071 2.4897
nan nan
94.5071 2.4897
94.8455 2.3418
95.1649 2.1727
95.3743 1.9825
95.5202 1.8429
95.6852 1.6527
95.8311 1.5005
95.9771 1.3228
96.0849 1.1642
96.2245 0.9739
96.3451 0.7899
96.4530 0.6313
96.5355 0.5108
96.6053 0.3712
96.6687 0.2887
96.7449 0.1174
96.8273 0.0158
96.9162 -0.1238
96.9987 -0.2760
97.0621 -0.3966
97.1383 -0.5298
97.2461 -0.7075
97.3857 -0.9169
97.5190 -1.1643
97.6522 -1.3609
97.7474 -1.5322
97.8616 -1.6844
98.0139 -1.9254
98.1979 -2.2044
98.4454 -2.5721
98.6104 -2.7813
98.7817 -3.0031
98.9466 -3.1615
99.1624 -3.4719
99.3908 -3.7632
99.5558 -4.0037
99.7588 -4.2189
99.9682 -4.4847
100.1460 -4.7629
100.3550 -5.0285
100.5710 -5.2307
100.7680 -5.4834
101.0150 -5.7802
101.2310 -6.0516
101.4530 -6.3165
101.6050 -6.5057
101.7700 -6.7074
102.0490 -6.9531
102.3350 -7.1609
102.5190 -7.2742
102.7790 -7.4630
103.1660 -7.7083
103.4770 -7.8340
103.5410 -7.8654
104.0740 -8.1168
104.4540 -8.2738
104.9810 -8.5688
105.5900 -8.9263
106.1230 -9.2396
106.3450 -9.3711
106.8270 -9.6652
107.3790 -9.8903
107.8360 -10.0528
108.3630 -10.1777
109.0670 -10.3276
109.6260 -10.3713
110.1590 -10.4399
110.6150 -10.4773
111.0150 -10.4773
111.5230 -10.5772
112.1700 -10.6520
112.5630 -10.7580
113.2040 -10.8702
113.7560 -10.9636
114.4100 -11.0882
115.0130 -11.1505
115.5710 -11.2189
116.1740 -11.2750
116.8530 -11.3310
117.5760 -11.3372
118.2360 -11.3869
118.7500 -11.3621
119.2700 -11.3932
119.8410 -11.4616
120.4510 -11.5238
121.1100 -11.4927
121.7830 -11.4118
122.6270 -11.1878
123.2170 -10.9948
123.9600 -10.7081
124.7340 -10.3900
125.1590 -10.1590
125.4820 -9.9840
125.8690 -9.7840
126.3330 -9.5964
126.8530 -9.3898
127.4300 -9.2208
127.9000 -9.1331
128.3760 -9.0955
129.1060 -9.0203
129.8610 -8.9262
130.5400 -8.7256
130.9330 -8.5625
131.4150 -8.2675
nan nan
131.4150 -8.2675
131.7580 -7.9219
131.9990 -7.6076
132.3100 -7.2867
132.6460 -6.8522
132.8300 -6.6191
133.0650 -6.3606
133.3030 -6.1107
133.8260 -5.6433
134.1860 -5.0747
134.5030 -4.6110
135.2650 -4.0838
136.0050 -3.4717
136.5970 -3.1338
137.3590 -2.7747
138.1020 -2.5488
nan nan
165.0020 -46.7200
164.8750 -47.1091
164.7520 -47.2269
164.6720 -47.7622
164.5130 -47.9569
164.3390 -48.2278
164.2380 -48.4841
164.1500 -48.6385
163.9500 -48.8713
163.8420 -49.0386
163.7220 -49.3836
163.6840 -49.3970
163.3940 -49.4656
163.1060 -49.5969
163.1490 -49.7359
162.8460 -50.1078
162.5970 -50.5038
162.5410 -50.7183
nan nan
162.5410 -50.7183
162.5240 -50.7837
162.2670 -51.0649
162.1690 -51.2304
162.0710 -51.5482
161.7670 -51.8793
161.5210 -51.7907
161.4380 -51.9684
161.4170 -52.0318
161.3350 -52.1586
161.2300 -52.3488
161.0210 -52.4243
160.7890 -52.6389
160.3410 -52.9780
160.1680 -53.1031
159.9200 -53.5189
159.5810 -53.9455
159.5490 -54.1608
159.3230 -54.7535
159.3010 -55.1466
159.1480 -55.4865
158.8410 -55.7214
158.5650 -55.7913
158.3270 -55.9378
158.0490 -56.0065
157.8210 -56.0126
157.7410 -56.3659
157.6970 -56.5804
157.5820 -57.0215
157.3970 -57.2188
157.3450 -57.4712
157.4700 -57.8309
157.5190 -58.0357
157.7150 -58.4482
157.9960 -58.7991
158.0580 -58.9151
158.3370 -59.0873
158.7830 -59.3894
159.4420 -59.6300
159.6650 -59.6714
159.7600 -59.7869
159.9280 -59.9540
160.7400 -61.0526
161.1290 -61.3842
161.2280 -61.4567
nan nan
165.0020 -46.7203
165.2160 -46.3752
165.4390 -46.1519
165.7790 -45.8098
166.0520 -45.5961
166.4450 -45.3133
166.7640 -45.0579
167.1000 -44.8262
167.3680 -44.6478
167.6880 -44.4660
168.0810 -44.3297
168.4880 -44.1660
168.7700 -44.0215
nan nan
168.7700 -44.0215
169.1360 -43.8453
169.6470 -43.5943
170.1030 -43.3578
170.6380 -43.0879
170.9950 -42.9318
171.2770 -42.7430
171.4730 -42.6755
171.8590 -42.6156
172.5930 -42.4830
173.1260 -42.3917
173.7240 -42.2908
174.3040 -42.2013
174.9880 -42.1219
175.5030 -42.0593
nan nan
175.5030 -42.0593
176.0810 -41.9100
176.6730 -41.7560
177.1230 -41.6566
177.6070 -41.4997
178.0150 -41.1879
178.2840 -40.8071
178.5660 -40.4240
178.7920 -40.0870
178.9500 -39.6848
179.1250 -39.2296
179.2150 -38.8885
179.3660 -38.5380
179.5690 -38.2045
179.8380 -37.4758
nan nan
-179.8110 -36.7930
-179.3710 -36.1790
-179.0440 -35.5423
-178.6410 -35.0218
-178.5390 -34.7058
-178.4130 -34.4854
-178.2940 -34.2413
-178.2080 -33.8459
-177.9810 -33.5795
-177.8100 -33.1908
-177.6660 -32.6959
-177.6490 -32.2028
-177.5380 -31.9574
-177.3010 -31.7932
-177.1080 -31.4517
-176.9190 -31.0374
-176.6900 -30.6779
-176.5470 -30.3215
-176.3390 -29.8808
-176.1530 -29.4691
-176.0780 -29.0653
-175.9950 -28.6971
-175.8850 -28.2638
-175.7850 -27.7843
-175.5450 -27.3180
-175.4000 -26.8569
-175.4230 -26.4372
-175.4150 -26.0248
-175.3820 -25.7295
-175.2970 -25.4257
-175.2610 -25.1425
-175.2290 -24.8362
-175.2090 -24.4719
-175.1020 -24.0701
-174.9670 -23.7483
-174.8420 -23.5126
-174.6630 -23.2205
-174.4890 -22.9058
-174.3230 -22.6169
-174.1390 -22.2898
-173.9520 -21.9153
-173.8180 -21.5263
-173.7030 -21.2476
-173.5510 -20.8926
-173.4030 -20.5862
-173.2180 -20.2040
-173.0530 -19.7788
-172.9700 -19.4608
-172.8740 -19.0710
-172.7860 -18.7769
-172.6980 -18.4832
-172.5910 -18.1523
-172.5400 -17.9348
-172.4450 -17.6766
-172.3740 -17.2706
-172.3350 -16.9629
-172.3110 -16.7157
-172.3070 -16.3319
-172.3000 -16.0410
-172.3310 -15.7320
-172.3550 -15.5611
-172.4280 -15.3734
-172.6020 -15.1514
-172.7740 -15.0330
-172.9390 -14.8669
-173.1300 -14.7848
-173.2730 -14.6967
-173.4070 -14.5840
nan nan
172.4450 -23.1821
173.9660 -21.5355
175.8830 -19.2362
177.1360 -17.3832
178.2390 -16.2146
179.6570 -15.7552
nan nan
-178.1300 -15.2359
-176.7540 -14.7745
-175.8650 -14.4781
-174.7540 -14.3339
-174.0830 -14.3791
-173.4070 -14.5840
nan nan
146.8540 -6.9159
146.8900 -6.9662
146.9380 -6.9923
147.0110 -7.0315
147.0720 -7.0703
147.1460 -7.0849
147.2320 -7.1245
147.2800 -7.1630
147.3420 -7.1772
147.4150 -7.2042
147.4770 -7.2184
147.5380 -7.2450
147.6240 -7.2723
147.6980 -7.2992
147.7600 -7.3258
147.8330 -7.3528
147.9320 -7.3805
148.0070 -7.3828
148.0690 -7.3971
148.1800 -7.4128
148.2550 -7.4274
148.3420 -7.4300
148.3920 -7.4315
148.4790 -7.4218
148.5420 -7.3989
148.6050 -7.3883
148.6550 -7.3898
148.7050 -7.3789
148.7800 -7.3810
148.8550 -7.3708
148.9550 -7.3736
149.0190 -7.3382
149.1070 -7.3159
149.2070 -7.3186
149.2710 -7.2831
149.3590 -7.2483
149.4460 -7.2631
149.5220 -7.2278
149.5980 -7.2050
149.6860 -7.1948
149.7870 -7.1601
149.8630 -7.1372
150.0020 -7.1158
150.0780 -7.0804
150.1540 -7.0573
150.2300 -7.0094
150.3060 -6.9739
150.4580 -6.9401
150.5220 -6.8792
150.5980 -6.8311
150.7120 -6.8087
150.8010 -6.7484
150.8900 -6.6879
150.9920 -6.6527
151.1060 -6.6051
151.1700 -6.5565
151.3220 -6.4972
151.4230 -6.4617
151.4990 -6.4257
151.5760 -6.3772
151.6650 -6.3163
151.7540 -6.2805
151.8170 -6.2441
151.8690 -6.1950
151.9320 -6.1586
152.0090 -6.1224
152.0850 -6.0987
152.1860 -6.0629
152.2620 -6.0141
152.3890 -5.9911
152.5280 -5.9809
152.6910 -5.9961
152.8050 -6.0104
152.9680 -6.0758
153.0430 -6.1021
153.1310 -6.1411
153.2690 -6.2061
153.3440 -6.2575
153.4310 -6.3091
153.5190 -6.3482
153.6190 -6.4377
153.6690 -6.5014
153.7940 -6.5788
153.8940 -6.6810
154.0190 -6.7710
154.1190 -6.8606
154.1810 -6.9371
154.2560 -7.0138
154.3190 -7.0777
154.3930 -7.1796
154.4690 -7.2312
154.5690 -7.3209
154.6690 -7.3981
154.7950 -7.5134
154.8960 -7.5654
154.9960 -7.6300
155.1470 -7.7710
155.2730 -7.8359
155.3240 -7.8745
155.3740 -7.8879
155.4380 -7.9140
155.5260 -7.9532
155.6410 -7.9927
155.7420 -8.0446
155.8690 -8.1095
155.9830 -8.1616
156.0970 -8.2264
156.1980 -8.2909
156.3250 -8.3558
156.4330 -8.4204
156.5400 -8.4976
156.6040 -8.5237
156.7060 -8.5629
156.7820 -8.6018
156.8580 -8.6154
156.9350 -8.6416
157.0490 -8.7062
157.1770 -8.7456
157.2410 -8.7843
157.3170 -8.8231
157.4190 -8.9002
157.5720 -8.9651
157.6480 -9.0039
157.7240 -9.0680
157.8270 -9.1071
157.9160 -9.1586
157.9920 -9.2100
158.0560 -9.2487
158.1450 -9.3128
158.2730 -9.3901
158.3880 -9.4418
158.4780 -9.4806
158.5800 -9.5068
158.7090 -9.5459
158.7730 -9.5590
158.8500 -9.5850
158.9260 -9.6236
159.0030 -9.6495
159.0680 -9.6880
159.1190 -9.7264
159.1700 -9.7648
159.2210 -9.8285
159.2850 -9.8797
159.3620 -9.9309
159.4390 -9.9695
159.5030 -10.0206
159.5800 -10.0844
159.6440 -10.1229
159.7080 -10.1739
159.7720 -10.1997
159.8370 -10.2507
159.9140 -10.2765
159.9780 -10.3149
160.0680 -10.3787
160.1320 -10.4170
160.2100 -10.4681
160.2870 -10.5192
160.3640 -10.5702
160.4930 -10.6341
160.5440 -10.6723
160.6220 -10.7233
160.7250 -10.7870
160.7760 -10.8379
160.8670 -10.9142
160.9310 -10.9651
160.9960 -11.0287
161.0600 -11.0541
161.1250 -11.1304
161.2020 -11.1685
161.3060 -11.1940
161.3840 -11.2321
161.4610 -11.2448
161.5520 -11.2829
161.7200 -11.3209
161.7980 -11.3589
161.9010 -11.3968
162.0180 -11.4220
162.1090 -11.4345
162.2250 -11.4216
162.3540 -11.4212
162.4840 -11.4208
162.6260 -11.3823
162.8330 -11.3560
163.0530 -11.3106
163.1950 -11.2908
163.3110 -11.2647
163.5050 -11.2381
163.6990 -11.1987
163.8540 -11.1848
163.9960 -11.1583
164.1510 -11.1443
164.2670 -11.1179
164.4090 -11.0913
164.5120 -11.0903
164.6410 -11.1143
164.7580 -11.1637
164.9010 -11.2002
165.0700 -11.2869
165.2520 -11.4113
165.3960 -11.5487
165.5140 -11.6864
165.6210 -11.8875
165.7150 -12.1266
165.7700 -12.3157
165.8380 -12.5171
165.8940 -12.7440
165.9090 -12.8703
165.9520 -13.0721
166.0200 -13.2608
166.0900 -13.5126
166.1320 -13.6763
166.1610 -13.8276
166.2040 -13.9913
166.2340 -14.1805
166.2500 -14.3447
166.2520 -14.4205
166.2680 -14.5594
166.2710 -14.6859
166.2620 -14.8885
166.2130 -15.0413
166.2280 -15.1296
166.2170 -15.2437
166.1930 -15.3454
166.2090 -15.4337
166.2250 -15.5599
166.2270 -15.6737
166.2700 -15.7993
166.2850 -15.8875
166.3400 -15.9749
166.3950 -16.0875
166.4500 -16.1874
166.5060 -16.3000
166.5620 -16.4378
166.6040 -16.5380
166.6590 -16.6251
166.7280 -16.7372
166.8100 -16.8363
166.8680 -16.9866
166.9500 -17.0982
167.0590 -17.2090
167.1550 -17.3074
167.1710 -17.3955
167.2150 -17.5206
167.2450 -17.6335
167.2750 -17.7590
167.3200 -17.9219
167.3500 -18.0221
167.3940 -18.1472
167.4240 -18.2473
167.4550 -18.3601
167.4860 -18.4855
167.5040 -18.6113
167.5210 -18.7118
167.6070 -18.8859
167.6800 -19.0477
167.7270 -19.2356
167.8120 -19.3716
167.8860 -19.5332
167.9430 -19.6322
168.0030 -19.7690
168.0750 -19.8926
168.1600 -20.0031
168.1910 -20.0903
168.2630 -20.2012
168.3350 -20.3246
168.3960 -20.4737
168.5120 -20.6457
168.5850 -20.7815
168.6450 -20.8926
168.7050 -21.0162
168.7760 -21.1015
168.8790 -21.2610
168.9960 -21.4198
169.0540 -21.5055
169.1430 -21.6401
169.2150 -21.7250
169.2880 -21.8225
169.3200 -21.9092
169.4190 -21.9801
169.4910 -22.0522
169.5770 -22.1236
169.7190 -22.2298
169.8350 -22.3499
169.9500 -22.4447
170.0360 -22.5157
170.1090 -22.5873
170.2210 -22.6442
170.3210 -22.7017
170.4200 -22.7591
170.5470 -22.8274
170.6600 -22.8838
170.7450 -22.9166
170.8420 -22.9486
170.9390 -22.9680
171.0370 -22.9998
171.1620 -23.0299
171.2880 -23.0724
171.3850 -23.0915
171.4960 -23.1096
171.6200 -23.1268
171.7030 -23.1464
171.8540 -23.1491
171.9500 -23.1553
172.0600 -23.1730
172.1970 -23.1763
172.2780 -23.1707
172.3610 -23.1775
172.4390 -23.1781
nan nan
146.8540 -6.9160
144.9000 -5.6152
143.2780 -4.9023
140.8970 -4.1180
140.2540 -3.6862
138.4620 -2.0916
138.1020 -2.5488
nan nan
-61.5534 18.9589
-62.1765 19.2752
-62.8467 19.5743
-63.3598 19.6915
-63.7601 19.7242
-64.3436 19.7794
-65.1285 19.8329
-66.2594 19.8246
-67.0405 19.7543
-68.0218 19.6870
-68.8528 19.5890
-69.9775 19.8015
-71.2771 20.2005
-72.3322 20.3310
-73.2385 20.2913
-74.7486 20.0372
-75.7287 19.9419
-76.9834 19.7465
-78.3607 19.4965
-79.6604 19.2642
-80.7579 19.0536
-81.7541 18.8647
-81.6248 17.8016
-82.2442 17.6907
-82.8646 17.6257
-83.7058 17.4809
-84.2479 17.3440
-84.9097 17.1066
-85.6714 16.9110
-86.9661 16.4759
-87.7228 16.2506
-88.3510 15.9583
-88.8764 15.6222
-89.3716 15.2150
-89.7180 14.8151
-90.0373 14.3923
-90.4260 13.9172
-90.8103 13.3941
-90.8980 12.5837
nan nan
-90.8980 12.5837
-90.2927 12.5426
-89.6190 12.2948
-88.9197 11.9992
-88.3190 11.6968
-87.4621 11.0959
-86.9749 10.5473
-86.3912 9.9549
-85.9336 9.4275
-85.4607 9.0668
-84.9552 9.0630
-84.5663 8.9588
-84.3165 8.7067
-84.0671 8.4544
-83.5573 8.2820
-83.0219 8.0382
-82.4914 7.3471
nan nan
-82.4914 7.3471
-82.0638 7.1894
-81.9393 7.0033
-81.7436 6.8192
-81.4101 6.8277
-81.1498 6.9051
-80.8162 6.9130
-80.5271 6.7774
-80.2651 6.7829
-80.0531 6.9055
-79.8175 7.0521
-79.5556 7.0806
-79.1733 7.0398
-78.6946 6.9288
-78.4534 6.7192
-78.3080 6.5320
-78.1141 6.2507
-77.9841 5.9389
nan nan
-77.9841 5.9389
-77.2618 6.6380
-76.5020 6.9984
-74.6169 8.0447
-73.9943 8.0905
-72.6281 8.2237
-71.3299 8.5168
-70.6933 9.2665
-70.0562 9.8490
-69.2761 10.2132
-68.2328 10.3783
-67.2637 10.4463
-66.1273 10.4337
-65.0153 10.4172
-63.8245 10.5353
-62.6409 10.4818
-62.1579 10.4585
-60.9266 10.3949
-59.9882 10.2951
-59.1214 10.2200
-58.1571 10.1597
nan nan
-58.1571 10.1597
-57.7617 10.6345
-57.5326 11.1438
-57.4238 11.6612
-57.4681 12.4273
-57.5680 13.1016
-57.7107 13.8740
-57.7906 14.4989
-57.9132 14.8642
-58.2884 15.1500
-58.5263 15.2839
-58.6661 15.4116
-58.6919 15.7703
-58.8011 15.9911
-58.8240 16.3970
-59.0883 16.9121
-59.4648 17.2431
-59.8190 17.5484
-60.0513 17.8225
-60.2784 18.1910
-60.5338 18.5131
-60.7290 18.5946
-60.9120 18.8885
-61.5534 18.9589
nan nan
-90.8980 12.5837
-91.7186 13.0801
-92.0632 13.2712
-92.2724 13.2233
-92.5992 13.4980
-92.9619 13.7221
-93.3094 13.7932
-93.6558 14.0161
-94.0552 14.2221
-94.5422 14.4786
-94.8729 14.6998
-95.1170 14.8866
-95.4663 15.0902
-95.7986 15.2765
-96.2190 15.3609
-96.7270 15.3601
-97.2174 15.3584
-97.6914 15.5080
-98.1657 15.6399
-98.5878 15.7715
-99.0281 15.9191
-99.4347 16.1340
-99.8060 16.2980
-100.3360 16.4424
-100.8670 16.6363
-101.7030 17.0256
-102.4320 17.2799
-103.2000 17.6155
-103.7920 17.9200
-104.2600 18.1763
-104.7120 18.4490
-105.0230 18.7086
-105.4430 19.0313
-105.8090 19.3214
-106.0660 19.5308
-106.1420 19.6624
-106.1660 19.8125
-106.3360 20.0579
-106.3880 20.4413
-106.4810 20.5384
-106.4880 20.7055
-106.3640 20.8170
-106.3810 21.1607
-106.5100 21.2397
-106.8270 21.5287
-106.9820 21.8066
-107.0100 22.0223
-107.1280 22.2677
-107.3530 22.4589
-107.5960 22.6657
-107.7650 22.7920
-108.0100 22.9857
nan nan
-108.0100 22.9857
-108.4650 22.0775
-108.3980 22.0404
-108.7750 21.2634
-108.6880 21.2521
-109.3500 20.0279
-105.3990 17.7679
-105.5360 17.0101
-105.3670 17.0308
-105.3980 16.2605
-105.3570 15.5576
-105.3200 15.1076
-104.6900 15.2745
-104.4370 14.0698
-103.9270 12.5868
-103.7720 11.8904
-103.8750 11.8723
-103.7390 10.9366
-103.6280 10.2746
-103.5980 10.1232
-104.2960 10.0171
-104.2960 9.1747
-104.2580 8.4557
-104.2290 8.3400
-102.9610 8.3999
-102.6590 7.1817
-102.4570 5.5290
-102.1840 3.7775
-102.2590 3.7507
-102.1990 3.4582
-102.2200 3.2819
-102.1990 2.8936
-102.2750 2.3782
-101.6700 2.4075
nan nan
-101.6700 2.4075
-100.4820 2.3010
-99.6570 2.1901
-98.9175 2.1122
-98.8886 2.2125
-97.8463 2.0766
-97.5512 2.0884
-97.5851 1.8982
-96.1750 1.8728
-96.1202 2.2378
-95.2241 2.2218
-95.1982 2.5069
-93.6107 2.3725
-92.2451 2.2269
-92.0902 2.1997
-92.1183 1.9901
-91.5376 2.0112
-91.5608 1.8166
-90.6973 1.7362
-90.6632 1.1204
-85.3861 0.8318
-85.3494 1.6444
-84.5759 1.5981
-84.5667 2.5342
-84.4671 3.1123
-83.3779 3.1648
-82.8064 3.1179
-82.6595 4.0719
-82.6370 5.0542
-82.5483 5.8330
-82.4616 6.5623
-82.4342 7.1180
-82.4914 7.3471
nan nan
65.0282 24.3824
65.9578 24.8564
67.1044 25.4987
67.2681 25.9839
67.2526 26.5184
67.2478 27.0854
67.3322 27.9115
67.3421 28.4041
67.2397 28.5731
67.2767 29.3768
67.3011 29.7948
67.8492 30.0735
68.3105 29.8780
68.6795 29.2090
69.0855 29.0959
69.8806 29.2618
70.0995 29.8402
70.2580 31.0057
69.9425 31.9130
70.9421 32.9471
71.8474 34.0048
72.4591 34.6822
nan nan
72.4591 34.6822
73.5933 33.6669
74.3142 33.1594
75.0894 32.8806
75.6749 32.1894
75.7220 31.6333
76.5210 31.1537
77.0067 30.7376
77.6407 30.5580
78.0762 30.2261
78.4224 29.8869
78.9118 29.6776
79.1969 29.3934
79.7898 29.1428
80.2265 29.0930
80.5465 28.9750
81.0430 28.7902
81.3610 28.4135
82.2004 28.1669
82.9354 27.8815
83.6667 27.5929
84.6491 27.3091
85.6219 27.1704
86.2515 27.0946
86.4809 26.7372
86.8204 26.6683
87.2186 27.0220
87.7450 26.9089
88.3200 26.8850
89.2821 27.0268
89.7724 26.8472
90.3294 26.9370
91.2580 27.0075
92.3047 27.0564
93.2334 27.1165
93.5704 27.1098
94.1890 27.5008
94.8287 27.9182
95.4657 28.1832
96.2345 28.1349
nan nan
96.2345 28.1349
95.9975 27.1638
95.8708 26.5387
95.1894 25.7639
94.7208 25.1902
94.0978 24.2712
93.8643 23.5069
93.7802 22.7084
93.8313 22.0729
94.2220 21.3847
94.2507 20.5675
94.5186 19.6689
94.8719 19.0704
94.8454 18.0871
95.7069 15.6118
96.2639 14.8985
95.6711 13.4801
95.3051 12.6751
95.1090 12.3184
94.6455 11.1855
94.3712 10.6810
93.8373 10.1232
93.6140 9.7082
93.8154 8.0859
94.0270 7.5572
92.2781 6.9476
nan nan
125.6790 78.1326
127.1810 77.2341
128.0500 76.0501
128.9550 74.9380
130.2000 74.0179
131.2630 73.3715
132.4830 72.6946
134.0170 71.8654
134.8540 71.2683
135.5950 70.6916
135.9620 70.5295
136.7580 69.9536
137.3680 69.6349
138.5230 69.0423
139.3810 67.9097
141.2420 66.9794
143.7310 66.3181
145.2090 66.0230
147.0900 64.6954
148.7640 63.6648
150.4040 62.6191
151.8060 61.3212
153.4120 59.9508
153.1760 59.4593
152.3510 58.9617
150.3100 57.9622
147.9720 56.8544
145.3080 55.6528
144.7590 55.1468
142.0160 53.8790
142.5370 53.4720
142.9950 51.8974
142.4310 50.6556
142.5010 48.7742
142.3880 47.0122
141.2260 45.1645
141.7560 43.7130
144.4540 40.8470
nan nan
-18.5765 67.4412
-18.3095 67.7360
-18.0322 68.0645
-17.7013 68.3988
-17.3264 68.6989
-17.1523 68.8654
-16.4883 68.8087
-16.2621 69.0371
-16.0313 69.2652
-15.7156 69.5499
-15.4245 69.8397
-15.0245 70.1685
-14.7339 70.3891
-14.4479 70.3539
-14.2367 70.5174
-14.0364 70.7261
-13.8924 70.8158
-13.3957 70.7716
-12.9046 70.6977
-12.2549 70.5630
-12.0094 70.7065
-11.6689 70.8763
-11.3563 71.0519
-11.8649 71.1472
-12.3591 71.2522
-12.1057 71.3958
-11.7138 71.5878
-11.3695 71.7744
-10.3560 71.6145
-9.3934 71.4561
-7.9412 71.2166
-7.3747 71.1248
-6.8999 71.2816
-6.3327 71.3872
-5.9171 71.4646
-5.6985 71.5398
-5.1573 71.4310
-4.7412 71.3332
-4.3604 71.4324
-4.0724 71.4905
-3.6923 71.3980
-2.9366 71.5002
-2.3989 71.5917
-1.7425 71.6851
-0.9750 71.8151
-0.3925 71.9105
0.2811 72.0148
0.9007 72.1337
1.9906 72.3278
2.7810 72.4331
3.6094 72.5801
4.2999 72.6970
4.9696 72.8205
5.5860 72.9243
6.0551 73.0188
6.7817 73.1448
7.0707 73.2035
7.3910 73.2524
7.7912 73.3712
8.1502 73.4272
8.3858 73.4853
8.6521 73.5335
8.8380 73.6282
8.9570 73.7064
9.0369 73.7585
9.1396 73.8820
9.2029 73.9795
9.2077 74.0964
9.1526 74.2327
9.1326 74.3772
8.9840 74.5426
8.7810 74.7631
8.6304 74.9462
8.4603 75.0755
8.2122 75.1882
7.9464 75.3817
7.8416 75.5273
7.6033 75.7289
7.5929 75.9807
7.5152 76.1167
7.4804 76.2790
7.5571 76.4307
7.5630 76.6015
7.6155 76.7985
7.6223 76.9692
7.6720 77.1484
7.8090 77.4791
7.8800 77.7119
7.7712 77.9112
7.8269 78.0903
7.7848 78.2347
6.7755 78.4438
5.5921 78.6410
4.6907 78.8058
3.8571 78.9500
3.4317 79.0302
3.9007 79.2280
4.3903 79.5327
3.2959 79.6575
2.3776 79.7797
1.4866 79.9085
0.6279 80.0264
-0.2507 80.1421
-0.9688 80.2132
-1.7656 80.3085
-2.3408 80.3704
-1.6839 80.6248
-2.9416 80.7555
-3.3638 80.7922
-2.7795 80.9929
-2.4141 81.1256
-3.4541 81.2505
-4.6412 81.3697
-4.1521 81.5521
-3.9091 81.6203
-5.0330 81.9128
-4.5366 82.0501
-3.7961 82.2903
-3.6999 82.3281
-5.0098 82.5194
-5.8654 82.6912
-7.2124 82.8685
-6.2343 83.0004
-5.1542 83.2491
-4.1480 83.4296
-3.2043 83.5703
-2.3626 83.6896
-1.2062 83.8642
-0.4691 83.9965
0.4050 84.1017
1.3011 84.2233
2.2351 84.3435
3.0240 84.4618
3.8482 84.5611
4.0347 84.5969
4.5076 84.5702
5.1775 84.6321
6.6654 84.7622
8.1339 84.8982
8.9377 85.0094
9.8085 84.9579
10.6588 85.0670
11.7036 85.1373
13.2420 85.2814
14.6662 85.3797
16.0626 85.4855
17.8900 85.5912
19.2845 85.6842
21.3426 85.7987
23.3470 85.8174
25.3828 85.8591
27.4273 85.8674
28.1433 85.8745
29.2294 85.8101
30.9721 85.9083
33.3400 86.0534
35.6067 86.1607
38.3013 86.2915
41.7555 86.4316
43.4795 86.4958
46.3137 86.5612
46.0625 86.5982
47.5235 86.6406
50.7696 86.7060
54.5614 86.7459
58.0178 86.7875
61.5056 86.8049
62.4625 86.7548
66.5438 86.6549
66.3010 86.6065
69.7522 86.4724
68.2081 86.3058
70.9259 86.2026
72.9842 86.1063
75.0293 85.9885
76.3260 85.9167
78.4034 85.7682
81.1027 85.6388
83.1425 85.5560
84.8021 85.4998
86.8021 85.4175
88.4863 85.3456
89.9804 85.2957
92.3129 85.2292
94.1554 85.1545
95.8392 85.1018
97.2727 85.0279
98.5682 84.9604
99.4436 84.9108
102.9180 84.6639
103.9430 84.5785
105.3020 84.4855
106.7590 84.3686
107.7090 84.2946
108.9390 84.1936
109.7270 84.1097
110.9590 83.9655
111.9740 83.8238
112.8430 83.6744
113.7230 83.5124
114.5580 83.3209
115.2580 83.1508
115.7930 83.0141
116.5820 82.7402
117.1710 82.5394
117.7550 82.2981
119.1000 82.0874
119.9840 81.5953
121.0040 81.1146
121.8980 80.6434
122.6390 80.2061
123.4080 79.7593
125.1880 78.9901
125.6790 78.1326
nan nan
-18.5765 67.4412
-18.7970 67.0701
-18.4778 66.9985
-18.5383 66.9050
-18.0342 66.7652
-18.3015 66.2917
-18.6034 65.8950
-18.9163 65.5186
-19.5278 65.1616
-19.8044 64.8649
nan nan
-29.7698 39.3996
-29.6089 39.9928
-29.6127 40.0328
-29.5802 40.0788
-29.5881 40.1065
-29.6565 40.1068
-29.6398 40.2082
-29.6313 40.2851
-29.5984 40.3835
-29.5695 40.4695
-29.5770 40.5495
-29.5605 40.5987
-29.3460 40.5699
-29.2999 40.7050
-29.2777 40.8710
-29.2560 40.9847
-29.2420 41.1261
-29.2286 41.2153
-29.3223 41.2467
-29.2920 41.3849
-29.2452 41.5200
-29.2060 41.6828
-29.2003 41.7997
-29.1616 41.9101
-29.2606 41.9294
-29.2420 42.0831
-29.2449 42.1754
-29.2233 42.2368
-29.2226 42.2891
-29.4347 42.2905
-29.3918 42.4133
-29.3696 42.5271
-29.3394 42.6130
-29.3177 42.6744
-29.3214 42.7145
-29.3715 42.7240
-29.3492 42.8378
-29.3268 42.9515
-29.3175 43.0284
-29.3168 43.0807
-29.1736 43.0796
-29.0914 43.2082
-29.0079 43.3890
-28.9339 43.4929
-28.8845 43.6278
-28.8405 43.6981
-28.7964 43.7684
-28.5237 43.7680
-28.5131 43.8448
-28.4809 43.9305
-28.4827 44.0229
-28.4549 44.0963
-28.4364 44.1453
-28.4349 44.1976
-28.3666 44.1843
-28.3200 44.3067
-28.2825 44.4046
-28.2574 44.5180
-28.2150 44.6281
-28.1676 44.7505
-28.1438 44.8116
-28.1421 44.8639
-28.1057 44.9094
-28.1575 44.9196
-28.1385 44.9685
-28.1146 45.0296
-28.1002 45.0663
-28.0763 45.1274
-27.9945 45.0983
-27.9877 45.1628
-27.9857 45.2151
-27.9790 45.2796
-27.9721 45.3441
-27.9374 45.3373
-27.9354 45.3896
-27.9382 45.4296
-27.9236 45.4663
-27.8714 45.4561
-27.8616 45.4805
-27.8644 45.5206
-27.8770 45.5362
-27.8246 45.5259
-27.7952 45.5992
-27.7734 45.7003
-27.7592 45.8293
-27.7394 45.8782
-27.6994 45.8835
-27.6971 45.9358
-27.6773 45.9846
-27.6020 45.9830
-27.5847 46.0719
-27.5723 46.1486
-27.5649 46.2131
-27.5120 46.2027
-27.4893 46.3037
-27.4868 46.3560
-27.4717 46.4850
-27.4463 46.6383
-27.4437 46.6906
-27.4360 46.7551
-27.3775 46.7568
-27.3774 46.8491
-27.3466 46.9223
-27.3336 46.9990
-27.3819 47.1140
-27.4407 47.2047
-27.4741 47.2640
-27.4612 47.3406
-27.4585 47.3929
-27.4636 47.4731
-27.4429 47.5219
-27.4480 47.6020
-27.4635 47.6578
-27.5644 47.6508
-27.5905 47.7746
-27.6218 47.8861
-27.6351 47.9942
-27.6536 48.0900
-27.7036 48.2050
-27.7118 48.3252
-27.7306 48.4210
-27.7494 48.5169
-27.7602 48.5848
-27.8895 48.6089
-28.0108 48.6050
-28.0353 48.6885
-28.0868 48.8034
-28.1622 48.9093
-28.2058 48.9962
-28.2631 49.0987
-28.3174 49.1611
-28.3530 49.2201
-28.4262 49.2858
-28.4518 49.3693
-28.4861 49.4806
-28.5446 49.5830
-28.5619 49.6386
-28.7183 49.6528
-28.8181 49.6570
-28.8686 49.7314
-28.8952 49.8148
-28.9600 49.9047
-28.9868 49.9880
-28.9947 50.0681
-29.0217 50.1515
-29.1265 50.1954
-29.1982 50.2206
-29.3218 50.3199
-29.4266 50.4159
-29.5081 50.4686
-29.5368 50.4995
-29.6619 50.5984
-29.7680 50.6941
-29.8309 50.7435
-29.8746 50.7897
-29.9085 50.8605
-29.9425 50.9313
-29.9815 50.9898
-29.9765 51.1067
-30.0010 51.2544
-29.9961 51.4236
-30.0010 51.6205
-30.0060 51.7652
-30.0110 51.8575
-30.0361 51.9528
-30.0262 52.0297
-30.3764 52.0568
-30.8074 52.0945
-31.0579 52.1048
-31.2684 52.1089
-31.2527 52.2628
-31.2651 52.3427
-31.2573 52.4197
-31.5817 52.4649
-31.8660 52.5038
-32.0535 52.5160
-32.3589 52.5564
-32.6486 52.5810
-32.8570 52.5946
-33.0204 52.6151
-33.3354 52.6281
-33.7119 52.6477
-34.1745 52.6630
-34.5719 52.6822
-34.9248 52.7080
-34.8837 52.7036
-35.0107 52.7044
-35.1376 52.7051
-35.1561 52.8611
-35.1613 52.9901
-35.1837 53.1336
-35.1828 53.2105
-35.3248 53.2380
-35.2818 53.3875
-35.2565 53.4747
-35.2457 53.5121
-35.4517 53.5459
-35.3950 53.6684
-35.3272 53.8282
-35.2698 53.9507
-35.2012 54.1105
-35.1469 54.2204
-35.1210 54.3076
-35.3132 54.3269
-35.4878 54.3313
-35.4123 54.5161
-35.3651 54.6781
-35.2890 54.7860
-35.2739 54.9127
-35.2120 54.9707
-35.3386 54.9959
-35.2508 55.1412
-35.1732 55.3259
-35.0804 55.4835
-34.9717 55.6909
-34.9006 55.7738
-34.8774 55.8485
-34.6376 55.8119
-34.6203 55.9386
-34.5583 56.0608
-34.5104 56.2101
-34.4927 56.3368
-34.4604 56.4363
-34.4402 56.4985
-34.3460 56.5020
-34.3214 56.5766
-34.2474 56.6592
-34.2185 56.7462
-34.0724 56.6929
-34.0430 56.7799
-34.0035 56.8274
-33.9781 56.9019
-33.7961 56.8833
-33.6824 56.8715
-33.5871 56.8745
-33.5662 57.0010
-33.5354 57.0880
-33.5090 57.1625
-33.4966 57.2643
-33.3773 57.2647
-33.2031 57.2849
-33.0703 57.4512
-33.0104 57.5480
-32.9641 57.6076
-32.9177 57.6671
-32.8065 57.6422
-32.7082 57.7735
-32.6188 57.8800
-32.4918 57.9566
-32.4724 58.0062
-32.2805 57.9979
-32.1225 58.1484
-31.9835 58.2492
-31.8723 58.3402
-31.7996 58.3967
-31.7451 58.4683
-31.5560 58.4466
-31.4274 58.5743
-31.3031 58.6896
-31.1780 58.8048
-31.0392 58.8923
-30.9770 58.9759
-30.7911 58.9408
-30.6466 59.0925
-30.4527 59.2383
-30.3055 59.3897
-30.1630 59.5286
-30.0429 59.6182
-29.8495 59.7508
-29.6362 59.8678
-29.5075 59.9692
-29.3717 60.0827
-29.2229 60.1685
-29.1165 60.2727
-29.0286 60.3400
-28.9176 60.2995
-28.8281 60.4189
-28.6435 60.5654
-28.4072 60.7050
-28.1940 60.8476
-28.0249 60.9565
-27.8546 61.0653
-27.5827 61.2524
-27.3876 61.3972
-27.2236 61.5331
-27.0326 61.6652
-26.7658 61.8264
-26.5270 61.9386
-26.3071 62.1062
-26.1085 62.2371
-25.8741 62.3761
-25.6458 62.5027
-25.4501 62.6206
-25.3103 62.6135
-25.1558 62.7107
-25.0352 62.7995
-24.8881 62.9244
-24.7215 62.9931
-24.5188 63.1097
-24.2522 63.2300
-24.0101 63.3540
-23.7392 63.4734
-23.4847 63.5683
-23.3284 63.6515
-23.0573 63.6493
-22.8703 63.7679
-22.5390 63.8363
-22.2492 63.8164
-22.0677 63.9220
-21.7309 63.8119
-21.4003 64.0144
-21.1675 64.2064
-20.9013 64.1200
-20.6153 64.3300
-20.3471 64.5160
-20.1811 64.6240
-19.8044 64.8649
nan nan
138.1020 -2.5488
134.3620 -1.4351
nan nan
144.4540 40.8470
144.4790 40.5494
144.3990 40.3668
144.3280 40.2029
144.2830 40.0672
144.2540 39.9281
144.2250 39.7667
144.2360 39.5572
144.2030 39.3737
144.1890 39.1233
144.1190 38.9086
144.0610 38.7095
144.0170 38.5356
143.9730 38.3585
143.9280 38.1655
143.8880 37.9281
143.8430 37.7097
143.7430 37.4792
143.6370 37.2899
143.5180 37.0594
143.4080 36.8604
143.2750 36.6488
143.1510 36.5195
143.0200 36.3393
142.8870 36.2636
142.7610 36.1878
142.6810 36.0642
142.6060 36.0009
142.5550 35.9438
142.4600 35.6730
142.3250 35.5027
142.2210 35.3333
142.1700 35.2168
142.0670 35.1636
142.0290 34.8886
141.9920 34.6663
141.8300 34.4219
nan nan
-124.7420 40.3134
-127.5790 40.4500
-127.5790 40.5385
-127.7170 40.5726
-127.5600 41.5888
-127.4460 41.5551
-127.4010 41.6405
-127.2410 41.6921
-127.0390 42.3570
-126.6270 43.0136
-130.4800 44.5892
-130.3670 44.9295
-130.0690 45.2854
-130.1870 45.4140
-129.9360 45.7362
-129.8690 45.8960
-130.0730 45.9427
-130.0510 46.1958
-129.9170 46.2291
-129.8030 46.4332
-129.5720 46.4015
-128.9380 47.7270
-129.1900 47.8354
-128.9400 48.3236
-129.1470 48.4760
-128.9190 48.8687
-130.5010 49.4794
-130.1620 49.9827
-130.3000 50.0554
-130.1620 50.2172
-130.3290 50.2979
-130.2540 50.4647
-130.7530 50.9076
-131.0740 51.1851
-130.8500 51.6121
nan nan
-124.7420 40.3134
-124.9530 40.6333
-124.9330 40.8839
-125.0890 41.1354
-125.1820 41.3801
-125.3090 41.6522
-125.2810 41.8176
-125.3130 41.9856
-125.3310 42.1419
-125.2900 42.2845
-125.2090 42.3588
-125.1980 42.4917
-125.2680 42.5614
-125.2890 42.8624
-125.2890 43.0514
-125.3430 43.1426
-125.3940 43.2671
-125.4740 43.4260
-125.4800 43.7375
-125.4500 43.9254
-125.4290 44.0023
-125.3620 44.0663
-125.3720 44.3226
-125.3720 44.5227
-125.3760 44.6675
-125.4340 44.7254
-125.4370 44.8813
-125.4350 45.1036
-125.5170 45.4738
-125.6550 45.9461
-125.7730 46.2950
-125.8760 46.6433
-125.9980 46.9697
-126.0850 47.3503
-126.3700 47.7480
-126.4860 47.9956
-126.7330 48.2910
-127.0180 48.5646
-127.3780 48.7502
-127.6080 48.8768
-127.8180 49.0802
-127.8520 49.4906
-128.0290 49.7814
-128.2830 49.8847
-128.4140 50.0856
-128.7190 50.3103
-129.0100 50.4787
-129.4600 50.6472
-129.7380 50.8359
-129.9820 51.1013
-130.2120 51.2777
-130.5480 51.3981
-130.8500 51.6121
nan nan
144.4540 40.8470
145.7100 41.7880
146.6900 42.3623
147.3450 42.6851
148.3400 43.2079
149.3110 43.7205
150.3390 44.1874
151.4190 44.7040
152.2400 45.1576
153.5280 45.8973
154.1950 46.4400
155.1410 47.2632
156.3530 48.1828
157.0240 48.6594
158.1210 49.5524
159.1740 50.1545
159.8770 50.8551
160.5990 51.4877
160.9450 52.1588
161.5840 52.6540
162.4580 53.0032
162.7900 53.6249
163.2820 54.3468
164.0480 55.2245
nan nan
164.0480 55.2245
166.0770 55.0649
166.3860 55.5285
168.1160 54.8629
168.9270 54.0711
169.9910 53.6213
171.1870 53.2939
172.6970 52.6588
174.2660 52.2047
175.6880 51.3038
176.7200 50.8957
nan nan
176.7200 50.8957
177.7640 50.7859
178.6730 50.7116
179.7170 50.7098
nan nan
-179.0250 50.5979
-177.7630 50.5558
-176.3460 50.6579
-174.9080 50.8254
-173.3280 50.9632
-171.6340 51.1698
-170.1590 51.4387
-169.0520 51.6869
-167.9900 52.0007
-166.8190 52.2568
-165.3900 52.6443
-163.9340 52.9879
-162.4130 53.3672
-160.9100 53.6209
-159.3440 53.8555
-157.9860 54.1008
-156.1380 54.5272
-155.2390 54.7845
-154.1600 55.2390
-153.1640 55.6104
-152.2270 56.0583
-151.2180 56.3092
-150.5470 56.4994
-150.0810 56.6229
-149.2200 56.9251
-148.2570 57.3469
-147.4490 57.8319
-146.7590 58.3521
-145.7560 59.2735
nan nan
-145.7560 59.2735
-144.9770 59.5759
-144.3160 59.9182
-143.3320 60.2057
-142.4050 60.4650
-141.5980 60.4009
-141.0740 60.3099
-140.1280 60.3809
-139.3960 60.0897
-138.8600 59.7619
-138.3530 59.3357
-137.8190 58.9251
-137.1070 58.4379
-136.8950 58.0895
-136.5220 57.6342
-136.2090 57.1178
-135.9030 56.6210
-135.4290 56.1024
-135.1800 55.8186
-134.6690 55.3165
-134.1510 54.8122
-133.8400 54.3774
-133.4260 53.9241
-133.0930 53.5217
-132.7140 53.1270
-132.1690 52.6971
-131.5920 52.2591
-131.1770 51.8858
-130.8500 51.6121
nan nan
-124.7420 40.3134
-124.4160 40.3107
-124.1630 39.9142
-123.8900 39.4388
-123.5970 38.9971
-123.3050 38.5406
-122.6960 37.8740
-122.3800 37.5270
-122.0050 37.2048
-121.3050 36.6983
-120.8970 36.3377
-120.4380 35.9102
-119.9360 35.4502
-119.3290 34.9812
-118.9120 34.8373
-118.4000 34.6580
-118.0720 34.5641
-117.7460 34.4412
-117.5070 34.3498
-117.1590 34.1811
-116.6600 34.0424
-116.2090 33.7711
-115.7730 33.4211
nan nan
-115.7730 33.4211
-115.5960 33.2366
-115.7170 33.1297
-115.5940 33.0402
-115.5080 32.9581
-115.5810 32.8760
-115.4120 32.7100
-115.2120 32.5118
-115.3300 32.4183
-115.0850 32.2359
-114.7650 31.9952
-114.5220 31.7860
-114.3320 31.6016
-114.2070 31.4585
-114.1180 31.3557
-114.3300 31.1936
-114.4390 31.0972
-114.3030 30.9123
-114.1290 30.6797
-113.9860 30.5134
-113.8070 30.3135
-114.0410 30.1205
-113.9090 29.9820
-113.7580 29.8344
-113.8700 29.7298
-113.9690 29.6458
-113.7750 29.4397
-113.5210 29.2054
-113.2810 29.0084
-113.3390 28.9498
-113.0870 28.7147
-112.8120 28.4987
-112.5890 28.3223
-112.3210 28.1249
-112.0150 27.9060
-111.7110 27.6935
-111.5060 27.5700
-111.3820 27.4969
-111.5690 27.2152
-111.3730 27.1053
-111.5060 26.9267
-111.2280 26.7234
-110.9570 26.5350
-110.7580 26.4159
-110.6800 26.3605
-110.7780 26.2249
-110.5720 26.0661
-110.2910 25.8895
-110.0240 25.7063
-109.8720 25.6073
-109.8060 25.5567
-110.0070 25.3392
-109.7880 25.1797
-109.5910 25.0163
-109.3500 24.8568
-109.1780 24.7348
-109.0620 24.6582
-109.2760 24.3960
-109.0020 24.1515
-108.8060 23.9844
-108.6100 23.8141
-108.4390 23.6743
-108.3570 23.6135
-108.6510 23.2413
-108.3880 23.0822
-108.0100 22.9857
nan nan
-61.5534 18.9589
-59.9483 19.4561
-57.4944 19.0521
-56.1178 18.3346
-54.8505 17.3867
-53.4580 17.0328
-52.3023 16.6417
-51.0206 16.1474
-50.4634 15.9467
-49.8007 16.0596
-49.2050 16.1089
-48.5120 16.0904
-47.6882 16.0341
-47.3992 15.8026
-46.7658 15.4506
nan nan
-101.6760 2.4075
-100.8350 1.5008
-101.5540 0.8095
-102.3030 0.4018
-102.0530 0.2147
-102.3970 -0.5032
-102.5240 -1.2828
-102.3990 -1.2834
-102.4620 -1.5327
-102.3070 -1.5959
-102.4020 -1.9075
-102.6210 -1.9061
-102.6870 -2.4357
-102.7540 -2.9339
-102.5660 -2.9357
-102.5710 -3.4347
-102.7350 -4.0564
-104.5390 -3.8444
-104.6990 -4.1516
-105.3800 -4.0785
-105.5440 -4.5694
-106.2530 -4.4939
-106.4500 -5.0432
-106.5870 -5.6238
-106.7410 -5.6199
-106.7520 -6.0187
-106.8450 -6.0162
-106.9500 -6.4428
-107.4410 -6.3667
-107.6070 -6.7592
-107.6530 -7.1859
-107.8800 -7.5141
-108.0630 -8.2401
-108.1920 -8.3569
-108.3200 -9.1448
-109.7560 -8.9245
-109.8570 -9.6766
-110.0710 -9.6651
-110.2180 -10.0804
-110.2920 -10.8017
-110.4470 -10.8224
-110.4850 -11.3942
-110.6750 -11.4724
-110.9260 -11.9684
-111.0770 -12.7417
-110.8920 -12.7553
-111.0070 -13.4108
-111.1910 -13.3964
-111.2660 -13.5413
-112.4260 -13.3863
-112.4390 -13.8646
-112.5810 -14.0619
-112.6130 -14.7180
-112.7660 -14.7038
-112.9730 -15.7917
-113.0660 -16.3513
-112.9730 -16.3609
-113.1650 -16.6703
-113.0410 -16.6834
-113.2410 -17.0515
-113.1170 -17.0650
-113.3290 -17.5211
-113.1740 -17.5384
-113.3880 -17.9938
-113.2640 -18.0081
-113.3830 -18.4442
-113.5200 -18.7579
-113.3640 -18.7766
-113.6230 -19.2852
-113.4980 -19.3006
-113.6850 -19.7275
-113.8200 -20.4307
-113.8960 -20.7210
-114.0530 -20.7000
-114.2470 -21.7241
-114.4050 -21.7018
-114.4340 -21.8778
-114.3350 -22.2525
-114.4880 -22.2003
-114.6570 -22.8062
-114.5770 -23.0888
-115.0060 -23.1138
-115.0010 -23.4449
-115.4320 -23.6473
-115.3970 -23.9829
-116.3600 -24.3630
-116.1280 -25.1517
-115.8280 -25.6239
-115.4820 -26.0447
-115.1750 -26.3388
-114.7160 -26.5675
-112.9360 -26.8538
-112.9660 -27.1849
-112.7990 -27.7305
-112.6760 -29.0057
-111.7060 -29.2496
-111.6710 -30.1178
-111.8760 -31.4125
-112.0720 -32.1225
-112.3600 -32.1056
-112.5150 -32.7596
-112.3820 -33.2776
-112.6140 -33.7643
-112.7070 -34.2753
-110.6710 -34.5839
-110.8570 -34.9317
nan nan
-76.0062 -45.6585
-75.8214 -44.8494
-75.7824 -44.0506
-75.6316 -43.6482
-75.5580 -42.9722
-75.4017 -42.2845
-75.3922 -41.3666
-75.1889 -40.8628
-75.1948 -40.3589
-75.1278 -39.8131
-75.1495 -39.5644
-74.9883 -39.0681
-74.8359 -38.5420
-74.6548 -38.1376
-74.5956 -37.5635
-74.4416 -36.7249
-74.2617 -36.1653
-73.8974 -35.5777
-73.6755 -34.8876
-73.2457 -34.2904
-72.9375 -33.8369
-72.8610 -33.3585
-72.8890 -32.7419
-72.7622 -32.3188
-72.6783 -31.5313
-72.6181 -30.9652
-72.5999 -30.1903
-72.5546 -29.5357
-72.4332 -28.9014
-72.1698 -28.2776
-71.9578 -27.7547
-71.8471 -27.2478
-71.7525 -26.6522
-71.6283 -25.8397
-71.5243 -25.0928
-71.4659 -24.2626
-71.3895 -23.5227
-71.3475 -22.7584
-71.3068 -21.9654
-71.2495 -21.2622
-71.3228 -20.7577
-71.3623 -20.2491
-71.4865 -19.8112
-71.7465 -19.2981
-72.2664 -18.7215
-72.7366 -18.2567
-73.3997 -17.7470
-73.9493 -17.3735
-74.6095 -16.8230
-75.2923 -16.3302
-75.9163 -15.7355
-76.4029 -15.2185
-77.1254 -14.4675
-77.6388 -13.9136
-78.1476 -13.3872
-78.6654 -12.6414
-79.1472 -11.8903
-79.6181 -11.2906
-79.9966 -10.5603
-80.3684 -9.9209
-80.7010 -9.4340
-81.0406 -8.6654
-81.3747 -7.9884
-81.5492 -7.3060
-81.7840 -6.6554
-81.9541 -6.0027
-81.9985 -5.2534
-82.0098 -4.5035
-81.9258 -3.7213
-81.7744 -3.2512
-81.6519 -3.0002
-81.5318 -2.4375
-81.5985 -1.8138
-81.4146 -1.0955
-81.2294 -0.2845
-80.8866 0.4319
-80.5738 1.0534
-80.2917 1.5494
-79.7913 2.0737
-79.1646 2.7802
-78.6617 3.3920
-78.3419 4.0659
-78.0800 4.8315
-77.9101 5.5053
-77.9841 5.9389
nan nan
134.3620 -1.4351
133.9850 -0.8775
133.2550 -0.5284
132.3040 -0.2428
131.4170 -0.1476
130.4360 -0.0210
129.1720 0.0422
128.3210 0.1052
127.3770 0.1364
126.7170 0.1362
nan nan
126.7170 0.1362
126.7900 0.6386
126.9560 1.1834
127.2260 1.7709
127.4970 2.1705
127.6630 2.5279
127.6170 3.1779
127.5070 3.7224
127.4190 4.1620
127.3730 4.5808
127.4310 5.0008
127.5110 5.3583
127.5060 5.7777
127.2910 6.0893
127.1970 6.7167
127.1900 7.1568
127.2030 7.6181
127.3000 8.0602
127.1620 8.6235
127.0240 9.1236
126.9080 9.5401
126.7900 10.0191
126.6520 10.3926
126.4710 10.7646
126.3260 11.3466
126.2480 11.8046
126.1710 12.1788
125.9700 12.4441
125.7660 12.7299
125.5600 13.0987
125.3290 13.5077
125.2750 13.7563
125.0680 14.0819
124.9060 14.3255
124.8490 14.6360
124.5530 14.9564
124.1270 15.2696
123.6540 15.6411
123.1830 15.5745
122.6690 15.5254
122.4320 15.5326
122.5100 15.9930
122.7000 16.3982
122.8830 16.9278
122.6520 17.4534
122.5420 18.0896
122.7440 18.6218
122.8690 19.0040
122.7830 19.5592
122.8460 20.1664
123.0530 20.6384
123.0010 21.2798
123.1350 22.0807
123.0870 22.6395
123.0870 23.1396
123.7410 23.1880
124.4170 23.2562
125.2500 23.3942
125.7670 23.5095
126.2740 23.7907
126.8270 24.1151
127.3070 24.5396
127.9070 24.9689
128.4620 25.4576
128.9780 25.8591
129.3600 26.1908
129.7850 26.6709
130.2110 27.2135
130.5230 27.7094
130.6490 28.1358
131.0970 28.3182
131.3090 28.4508
131.4670 28.7508
131.6280 28.9874
131.7600 29.3921
132.1350 29.8657
132.4440 30.1468
132.7140 30.1095
133.0040 30.2834
132.7720 30.7871
132.7420 31.0403
132.9120 31.1277
133.0610 31.1300
133.4990 31.5165
134.0410 31.8812
134.6880 32.2017
134.8870 32.4347
135.2130 32.5615
135.6150 32.5813
135.9670 32.6425
136.5230 32.8697
137.0310 33.0528
137.5460 33.4028
138.0650 33.7505
138.3820 34.0593
138.5060 34.5842
138.6550 35.0449
nan nan
138.6550 35.0450
139.1950 35.0063
140.0110 34.8487
140.7490 34.7317
141.3530 34.5751
141.8300 34.4219
nan nan
134.3620 -1.4351
134.4610 -0.3383
134.4610 0.7404
134.4290 1.3748
134.3650 2.1997
134.2690 2.8975
133.9190 3.4682
133.7920 3.8804
134.0140 4.1979
134.0130 4.5151
133.9810 4.8640
134.0440 5.4668
134.2980 5.8479
134.4250 6.6094
134.5210 6.9902
nan nan
134.5210 6.9902
135.4150 6.8951
136.1830 6.9889
136.7590 7.3677
137.5290 7.8712
137.9820 8.5336
138.3090 9.1962
138.5730 9.9537
138.7100 10.6488
138.8130 11.1225
139.5850 10.9852
140.6130 10.9049
141.2940 11.1757
142.1370 11.4718
142.8130 11.5174
143.4580 11.6250
144.1050 11.8248
144.9280 12.4231
145.4560 12.8094
146.1500 13.2798
146.6210 13.7259
147.0980 14.2627
147.3300 14.9657
147.5640 15.6364
147.6520 16.5014
147.8020 17.2690
147.7610 18.0489
147.7720 18.6390
147.5460 19.1213
147.3880 19.6306
147.1370 20.2403
146.9450 20.7530
146.4740 21.5668
146.0160 22.1614
145.3520 22.7698
144.7060 23.2504
144.0220 23.7632
143.5460 24.3571
143.0980 24.9176
143.0750 25.6124
143.2310 26.3289
143.2600 26.7370
143.2430 27.4633
143.1720 27.9407
143.0020 28.5187
142.7480 28.9754
142.5070 29.6208
142.4730 30.1282
142.2240 30.7110
142.1590 31.3152
142.0990 31.9825
141.9940 32.5576
142.0120 33.2525
141.8580 33.7039
141.8910 34.1134
141.8300 34.4219
nan nan
58.2392 12.7455
56.9192 9.9708
56.9775 9.8572
57.0289 9.8575
57.2606 9.6814
57.4906 9.9416
58.0630 9.5324
58.0184 9.4501
58.2625 9.2926
58.1476 9.0898
58.4302 8.8626
58.2514 8.6469
58.6106 8.4008
58.9183 8.1669
58.8800 8.0972
59.3092 7.7683
59.2197 7.6731
60.1789 6.9508
60.0383 6.7669
60.6701 6.3098
61.1417 5.9095
61.6573 5.4897
61.5293 5.2616
61.9997 4.9113
62.4568 4.5227
63.0023 4.1081
62.8678 3.8929
63.3307 3.6307
63.3882 3.7001
63.8192 3.4821
63.8898 3.6022
64.6181 3.2170
64.6822 3.2990
65.2128 2.9208
65.4890 3.2991
65.9626 2.9715
66.3795 2.7520
66.1794 2.3925
65.9923 2.0520
66.3328 1.8587
66.6728 1.6209
66.4925 1.3314
66.8698 1.0679
66.6573 0.7220
67.1594 0.3371
66.8392 -0.0388
67.2089 -0.3398
67.0231 -0.5779
67.6620 -1.0396
67.3671 -1.4400
67.9291 -1.9130
67.7884 -2.0877
68.2490 -2.5402
67.8921 -2.8880
68.2702 -3.3513
68.6672 -3.7707
68.3485 -4.1176
68.7510 -4.5488
68.1985 -5.0419
68.6069 -5.4719
68.2191 -5.8910
67.7823 -6.2593
68.2738 -6.8109
68.2738 -6.8109
69.0101 -6.5372
69.8033 -6.4427
70.7868 -6.5057
71.8337 -6.6948
72.8807 -7.0413
73.3883 -7.0413
73.5469 -6.1904
73.7055 -5.7802
73.7690 -4.9273
73.9911 -3.6935
74.2132 -2.8066
74.1814 -1.6971
74.5938 -1.1579
74.7842 -0.4600
74.7842 0.1110
82.3456 -1.3800
84.5876 -1.8028
87.0410 -2.1833
88.6062 -2.1410
88.6485 -0.8301
88.7754 0.7773
88.7754 2.9756
88.9446 4.2421
90.1290 5.2117
90.9751 5.8012
91.5673 6.3901
92.2781 6.9476
92.2781 6.9476
94.0270 7.5572
93.8154 8.0859
93.6140 9.7082
93.8373 10.1232
94.3712 10.6810
94.6455 11.1855
95.1090 12.3184
95.3051 12.6751
95.6711 13.4801
96.2639 14.8985
95.7069 15.6118
94.8454 18.0871
94.8719 19.0704
94.5186 19.6689
94.2507 20.5675
94.2220 21.3847
93.8313 22.0729
93.7802 22.7084
93.8643 23.5069
94.0978 24.2712
94.7208 25.1902
95.1894 25.7639
95.8708 26.5387
95.9975 27.1638
96.2345 28.1349
96.2345 28.1349
95.4657 28.1832
94.8287 27.9182
94.1890 27.5008
93.5704 27.1098
93.2334 27.1165
92.3047 27.0564
91.2580 27.0075
90.3294 26.9370
89.7724 26.8472
89.2821 27.0268
88.3200 26.8850
87.7450 26.9089
87.2186 27.0220
86.8204 26.6683
86.4809 26.7372
86.2515 27.0946
85.6219 27.1704
84.6491 27.3091
83.6667 27.5929
82.9354 27.8815
82.2004 28.1669
81.3610 28.4135
81.0430 28.7902
80.5465 28.9750
80.2265 29.0930
79.7898 29.1428
79.1969 29.3934
78.9118 29.6776
78.4224 29.8869
78.0762 30.2261
77.6407 30.5580
77.0067 30.7376
76.5210 31.1537
75.7220 31.6333
75.6749 32.1894
75.0894 32.8806
74.3142 33.1594
73.5933 33.6669
72.4591 34.6822
71.8474 34.0048
70.9421 32.9471
69.9425 31.9130
70.2580 31.0057
70.0995 29.8402
69.8806 29.2618
69.0855 29.0959
68.6795 29.2090
68.3105 29.8780
67.8492 30.0735
67.3011 29.7948
67.2767 29.3768
67.2397 28.5731
67.3421 28.4041
67.3322 27.9115
67.2478 27.0854
67.2526 26.5184
67.2681 25.9839
67.1044 25.4987
65.9578 24.8564
65.0282 24.3824
65.0282 24.3824
64.2753 23.6938
63.6302 23.2011
62.8788 22.6822
62.1311 22.0841
62.0957 21.4260
61.8475 21.1244
61.4902 20.6457
60.9707 19.8120
60.4557 18.7989
60.2138 18.2410
59.9202 17.4797
59.6554 16.7942
59.4722 16.0326
59.1069 15.1945
58.7457 14.2549
58.4374 13.6449
58.2392 12.7455
58.2392 12.7455
nan nan
43.6495 12.0127
43.3488 12.6917
43.1256 13.1536
42.6452 13.6833
42.3930 13.9584
42.2716 14.3981
42.2132 14.7747
41.9834 15.3004
41.7504 15.7219
41.2112 16.2091
40.6237 16.5902
40.0549 17.1792
39.8343 17.8516
39.5895 18.4192
39.2979 19.0289
38.8261 19.4475
38.3957 19.9075
38.0745 20.3891
37.9747 21.0213
37.8253 21.8434
37.5398 22.4945
37.0425 23.2259
36.5711 23.6392
36.2422 24.6260
35.8888 25.4844
35.1999 26.3530
34.5470 27.2619
34.2569 27.8853
34.8603 29.4667
34.9888 30.4599
35.2751 31.2458
35.4092 32.8627
35.4964 33.8255
35.6704 34.5381
35.7040 34.9265
35.7040 34.9265
34.7607 34.8075
34.2401 34.6651
33.6542 34.3719
32.8726 34.2713
31.4471 35.5287
30.5129 36.1568
29.5944 36.0357
29.1035 35.6311
28.1314 35.0167
27.2219 34.4159
26.2287 34.3272
25.2360 34.4611
24.4663 34.6679
23.6015 35.0857
22.3389 35.8045
21.4442 36.5988
20.4917 37.3933
19.8566 38.0575
19.0971 38.6072
18.2058 39.0090
18.0303 38.6481
17.7220 38.2430
17.2612 37.6991
16.5653 37.5113
15.8165 36.8765
15.7188 36.0532
16.4597 34.9161
14.7585 33.2635
14.7585 33.2635
13.7801 33.7762
12.0690 34.6730
9.9873 35.8993
8.5025 36.6907
6.8071 37.2201
5.1420 37.0821
3.4536 36.8509
2.3799 36.5942
1.9702 36.5026
1.2447 36.2823
0.6670 36.0723
0.0030 35.9040
-0.7478 35.7757
-1.5162 35.7709
-1.9917 35.8985
-2.5729 36.1053
-2.8933 36.0184
-3.2959 35.8577
-3.7494 35.5962
-3.7819 35.0136
-4.0564 34.1993
-4.7056 34.0681
-5.0723 34.0783
-5.3966 33.9850
-5.8080 34.0191
-6.0002 34.2634
-6.0397 34.5174
-6.0637 34.7839
-6.7303 35.0633
-7.1926 35.2729
-8.0312 35.6675
-9.5452 36.4296
-9.9769 36.6514
-10.4287 36.3916
-10.9233 36.0984
-11.5854 35.8512
-12.1424 36.3276
-13.6754 37.3950
-15.1427 37.0206
-15.3865 37.2117
-15.8415 37.2966
-16.7420 37.4354
-17.5843 37.5034
-18.1244 37.4657
-18.6180 37.3070
-19.6823 37.0251
-20.7973 36.8809
-22.2160 36.7543
-23.5697 36.6459
-24.0456 36.7548
-24.1461 36.7885
-24.2554 36.7810
-24.3111 36.7925
-24.3846 36.8633
-24.4337 36.9105
-24.5002 36.9707
-24.5541 37.0172
-24.6345 37.0946
-24.6805 37.1267
-24.7495 37.2174
-24.7379 37.2733
-24.7022 37.3519
-24.6669 37.4110
-24.7332 37.4673
-24.7748 37.5001
-24.8164 37.5328
-24.8451 37.5519
-24.8915 37.5839
-24.9315 37.6091
-24.9835 37.6441
-25.1013 37.6463
-25.2671 37.7692
-25.3547 37.6633
-25.4265 37.7185
-25.4638 37.7517
-25.5384 37.8181
-25.6332 37.7225
-25.6984 37.7902
-25.7341 37.8159
-25.8081 37.8783
-25.9162 37.8386
-26.0432 37.9355
-26.0752 37.9655
-26.1714 38.0360
-26.3021 38.0468
-26.3787 38.1164
-26.4166 38.1493
-26.4943 38.2225
-26.5323 38.2554
-26.6141 38.3240
-26.6474 38.3576
-26.7180 38.4202
-26.8299 38.2782
-26.9006 38.3601
-26.9408 38.4003
-27.0068 38.4635
-27.0289 38.4911
-27.0895 38.5706
-27.1290 38.6070
-27.1743 38.6658
-27.2033 38.6999
-27.2394 38.7796
-27.4844 38.7824
-27.5588 38.8363
-27.6061 38.8635
-27.6797 38.9136
-27.7223 38.9416
-27.7933 38.9998
-27.9546 39.0041
-28.0588 38.9827
-28.1199 38.9685
-28.2155 38.9524
-28.2919 38.9394
-28.3421 38.9931
-28.3649 39.0204
-28.3955 39.0580
-28.4204 39.0927
-28.4522 39.1339
-28.4836 39.1558
-28.5665 39.1299
-28.6192 39.1208
-28.6660 39.1790
-28.6863 39.2144
-28.7454 39.2626
-28.7812 39.2993
-28.8529 39.3725
-28.8946 39.4120
-28.9505 39.3789
-28.9819 39.3656
-29.0495 39.3382
-29.0904 39.3232
-29.1472 39.2937
-29.1881 39.2786
-29.2603 39.2502
-29.2971 39.2554
-29.3350 39.3150
-29.7698 39.3996
-29.7698 39.3996
-29.9091 39.3871
-30.4301 38.3883
-30.6055 38.4025
-31.0706 37.6802
-31.3713 37.7049
-31.5164 37.2823
-32.2826 37.3915
-32.3946 37.1369
-32.6456 37.1763
-32.7077 37.0333
-32.9431 37.0654
-33.0049 36.9159
-33.2246 36.9408
-33.3135 36.6910
-33.5947 36.7422
-33.7717 36.1850
-33.9816 36.2212
-34.0568 36.0713
-34.1424 36.0794
-34.3354 35.6160
-34.4595 35.6246
-34.7464 35.0102
-36.3731 35.2798
-36.6231 34.6929
-36.7846 34.7122
-36.8618 34.5542
-37.0461 34.5669
-37.2446 34.1238
-37.3364 34.1362
-37.5328 33.7052
-37.6776 33.7362
-37.7975 33.5012
-39.3993 33.7676
-39.5860 33.0673
-39.6999 33.0841
-40.5526 31.8025
-40.7100 31.8173
-41.1836 31.1941
-41.4304 31.2370
-42.1364 29.9733
-42.7286 30.0697
-43.0373 29.4714
-43.0882 29.4691
-43.4828 28.8021
-43.5632 28.8108
-43.9423 28.1049
-44.0217 28.1069
-44.3831 27.2355
-44.5059 27.2538
-44.8666 26.2796
-44.8163 26.2700
-44.8989 26.0554
-45.0917 26.0814
-45.4988 25.1918
-45.7915 25.2542
-46.1188 24.5904
-46.1961 24.5974
-46.4758 23.9174
-44.9245 23.6459
-45.0239 22.9632
-45.0658 22.9731
-45.2483 21.8064
-45.3853 21.8223
-45.5152 21.2465
-45.4187 21.2217
-45.5570 20.5958
-45.7737 20.6180
-45.9398 19.8022
-46.0015 19.8227
-46.1844 18.9319
-46.2243 18.9351
-46.3182 18.4215
-46.3907 18.4220
-46.5202 17.5883
-46.4072 17.5663
-46.5887 16.6067
-46.5287 16.5868
-46.7658 15.4506
-46.7658 15.4506
-45.1300 15.2673
-45.1423 14.0261
-45.0614 13.9917
-45.0373 12.6799
-44.2620 12.6256
-44.2775 12.1008
-43.8845 12.0854
-43.9206 10.9270
-41.0871 10.7869
-41.0829 9.9794
-40.8615 9.9727
-40.8648 9.3894
-40.6402 9.3728
-40.6522 8.8406
-40.1196 8.8153
-40.1408 8.2154
-38.2210 8.1395
-38.2065 7.7033
-36.8648 7.6543
-36.8514 7.4009
-36.0577 7.3634
-36.0469 7.0232
-35.3665 6.9349
-35.3629 6.6139
-33.6244 6.6176
-33.6203 6.1042
-33.5136 6.0762
-33.5068 5.6495
-32.9780 5.6472
-32.8617 3.9604
-30.9625 4.0608
-30.7358 1.6427
-30.0269 1.6071
-29.9203 0.7974
-29.2096 0.8489
-28.3465 0.9530
-27.3153 1.0618
-26.4740 1.1592
-26.2887 0.4981
-25.0294 0.6141
-24.6117 -1.1033
-23.4897 -0.9643
-22.3813 -0.7964
-21.5437 -0.6802
-20.4899 -0.4967
-19.6747 -0.3334
-18.8497 -0.1761
-17.8889 0.0306
-16.7569 0.2686
-16.4982 0.2989
-16.2522 -0.5562
-16.0372 -0.5196
-15.8406 -1.1432
-15.5652 -1.0732
-15.4103 -1.4934
-13.1580 -0.9153
-12.7014 -2.0991
-12.1641 -1.9454
-11.8336 -2.8550
-12.0293 -3.0135
-11.7655 -3.9720
-12.0968 -4.1030
-12.0386 -4.5874
-12.1445 -4.6088
-12.0185 -5.0256
-11.6044 -4.9423
-11.5161 -5.4150
-11.1669 -5.3771
-11.0222 -5.9302
-11.2671 -6.0202
-11.1805 -6.7554
-13.6210 -7.3674
-13.3574 -8.4107
-13.1911 -8.3740
-13.0230 -9.2252
-13.2482 -9.2765
-13.1663 -9.7944
-13.3151 -9.8247
-13.0313 -11.4215
-15.0058 -11.8853
-14.9077 -12.3390
-14.8611 -12.3196
-14.7910 -12.6562
-14.5501 -12.5770
-14.4102 -13.2181
-14.5996 -13.2655
-14.4784 -14.2077
-13.6428 -14.0355
-13.2261 -15.6632
-13.3835 -15.6882
-13.2386 -16.2117
-14.3024 -16.4327
-14.2381 -16.7645
-14.3688 -16.7770
-14.0786 -17.9946
-12.9598 -17.7898
-12.7593 -18.7845
-12.4772 -18.7465
-12.2626 -19.9353
-11.9446 -19.8248
-11.8522 -20.2784
-11.9708 -20.2991
-11.7632 -21.1759
-12.0066 -21.2091
-11.8495 -21.7351
-11.9359 -21.7522
-11.8192 -22.1534
-12.9102 -22.3790
-12.8511 -22.6298
-13.8293 -22.8292
-13.6637 -23.5442
-13.5703 -23.5143
-13.2801 -24.7771
-13.8106 -24.8874
-13.6632 -25.6480
-14.0485 -25.7376
-13.8156 -26.5856
-13.6896 -26.5644
-13.2716 -28.3210
-12.7456 -28.2133
-12.5326 -28.9409
-13.9916 -29.2504
-13.8196 -29.8512
-13.7155 -29.8290
-13.3663 -31.1558
-13.4982 -31.1785
-13.2459 -32.1441
-14.5241 -32.4001
-14.3699 -33.3965
-14.7068 -33.4671
-14.5155 -34.0433
-15.2731 -34.2367
-15.0992 -35.1813
-17.8979 -35.6466
-17.2446 -38.4998
-16.8300 -38.4277
-16.4972 -39.5061
-16.5385 -39.5098
-16.4408 -39.7886
-16.6012 -39.8130
-16.4891 -40.2101
-16.9076 -40.2700
-16.3296 -43.3870
-16.2445 -43.6835
-15.5939 -45.4756
-14.8940 -45.3714
-14.7155 -45.8985
-13.8100 -45.7972
-13.3251 -47.5778
-10.4834 -47.1256
-9.7099 -49.2160
-8.1391 -48.9610
-8.0221 -49.2826
-7.9609 -49.2702
-7.6377 -50.0587
-7.4328 -50.0013
-7.1585 -50.6096
-5.1694 -50.2161
-4.2377 -52.0486
-3.9556 -51.9788
-2.3723 -54.3274
-1.3822 -54.0533
-0.4379 -54.8518
-0.4379 -54.8518
-0.4379 -54.8518
-0.0388 -54.6772
0.4432 -54.4512
0.9645 -54.8322
1.6948 -54.3990
2.3598 -54.0374
3.0254 -53.6507
3.3689 -53.8341
3.9564 -54.1267
4.4146 -54.4303
4.8266 -54.1616
5.0837 -54.3093
5.4947 -54.5429
6.1837 -54.1145
6.6254 -53.8142
7.2373 -54.1012
7.7724 -54.3960
8.7982 -53.6666
9.4287 -53.2328
9.9941 -52.7932
10.5433 -53.0644
10.9755 -53.3317
11.7061 -52.7819
12.2983 -52.3754
12.8958 -51.9631
13.2045 -52.1397
13.7872 -52.4770
14.4627 -51.9975
15.1108 -52.3065
15.4263 -52.0829
15.8216 -51.7877
16.9059 -52.1691
17.8041 -52.4674
18.5373 -52.7344
18.7104 -52.5537
19.9918 -52.8166
21.2520 -52.9102
22.5043 -53.0496
23.0740 -53.0972
23.0213 -53.2001
23.8851 -53.3101
24.6841 -53.4224
25.2297 -53.4688
25.9899 -52.3778
27.8250 -52.9352
29.1417 -50.8694
29.5220 -50.9690
30.7676 -49.0410
31.2028 -49.1695
31.8850 -48.2118
32.6666 -46.9380
32.6626 -46.1911
33.1706 -45.3818
33.6775 -44.5607
34.1568 -43.7467
34.6360 -42.9307
35.0898 -42.1032
35.0898 -42.1032
35.5280 -41.2537
35.9550 -40.4026
36.3713 -39.5500
36.7774 -38.6959
37.1740 -37.8404
37.5615 -36.9837
36.7208 -36.4328
35.8920 -35.8761
35.0748 -35.3138
34.2689 -34.7461
33.4741 -34.1731
32.6901 -33.5951
31.9165 -33.0122
31.1532 -32.4246
30.3997 -31.8325
29.6559 -31.2360
28.9215 -30.6352
28.3409 -29.8486
28.3409 -29.8486
28.0540 -29.4544
27.7693 -29.0596
27.1792 -28.6245
26.5940 -28.1868
26.5952 -27.4774
26.5964 -26.7680
27.2526 -26.4737
27.9054 -26.1765
27.8002 -25.7335
27.6957 -25.2905
27.5920 -24.8474
27.4890 -24.4042
27.9441 -23.9278
28.3958 -23.4501
28.8442 -22.9711
29.2895 -22.4908
29.7704 -22.3523
30.2503 -22.2124
30.7293 -22.0710
31.2073 -21.9283
31.6844 -21.7842
32.1605 -21.6388
32.6356 -21.4920
33.1098 -21.3438
33.1963 -20.5122
33.2818 -19.6806
33.6131 -19.3503
33.9430 -19.0194
34.2716 -18.6879
34.5989 -18.3559
35.2001 -17.9755
35.1995 -17.4044
35.1989 -16.8333
34.9008 -16.3337
34.6043 -15.8337
34.7288 -15.1914
34.8525 -14.5491
34.4608 -13.8586
34.0714 -13.1674
34.1717 -12.4064
34.4411 -11.7170
34.7091 -11.0274
34.0806 -10.4552
33.8175 -9.5980
33.5557 -8.7406
33.0990 -8.6435
32.6426 -8.5458
32.1166 -8.1622
31.5917 -7.7779
31.0420 -7.6308
30.4927 -7.4830
30.0455 -6.7912
29.5996 -6.0989
29.6040 -5.6251
29.6085 -5.1513
29.2804 -4.5569
28.9529 -3.9623
28.9103 -3.1339
28.8677 -2.3055
29.1299 -1.8093
29.3920 -1.3131
29.6297 -0.6263
29.8673 0.0604
30.2459 0.7485
30.6247 1.4366
31.1221 1.9601
31.6199 2.4834
31.0492 2.6479
30.4783 2.8121
30.4748 3.5237
30.4713 4.2353
31.2793 4.4771
31.7527 5.0973
32.2271 5.7171
32.7355 5.6301
33.2437 5.5426
33.7517 5.4546
34.2596 5.3663
34.7673 5.2775
35.2749 5.1883
35.7824 5.0987
36.2897 5.0087
36.6014 5.4836
36.9136 5.9584
37.5829 5.9557
37.8487 6.4771
38.1150 6.9985
38.4775 7.4470
38.8408 7.8953
39.1565 8.2957
39.4729 8.6958
39.7898 9.0712
40.1074 9.4464
40.4494 9.7965
40.7921 10.1462
41.1166 10.7317
41.4423 11.3169
42.0332 11.5772
43.6495 12.0127
